np.array([[125608,-57618.6,-58770.9,0,0,0,0,0,0,0,0,0,0,0,0,0,0,0,0,0,0,0,0,0,0,0,0,-1.91893e-13,4.5453e-28,0,0,0,0,0,0,0,0,0,0,0,0,0,0,0,0,0,0,0,0,0,0,0,0,0,0,0,0,0,0,0,0,0,0,0,0,0,-56466.2,0,0,-1.27939e-13,-1152.37,-1152.37,0,0,0,0,-1152.37,-1152.37,0,0,0,3.83787e-13,0,0,0,0,0,1152.37,-57618.6,56466.2,0,0,0,0,0,0,0,0,0,1152.37,-1152.37,112932,-2304.74,0,-58770.9,0,0,0],
[-57618.6,304226,-6914.23,0,0,0,0,0,0,0,0,0,0,0,0,0,0,0,0,0,0,0,0,0,0,0,0,-1152.37,-58770.9,-58770.9,0,0,0,0,0,0,0,0,0,0,0,0,0,0,0,0,0,0,0,0,0,0,0,0,0,0,0,0,0,0,0,0,0,0,0,0,0,-53009.1,55313.8,-1152.37,-56466.2,-1152.37,0,0,0,4.5453e-28,-58770.9,0,0,0,0,-57618.6,56466.2,0,0,0,0,55313.8,1152.37,0,0,0,0,0,0,0,0,0,0,-3457.11,2304.74,-56466.2,-1152.37,-115237,112932,0,0,0],
[-58770.9,-6914.23,245455,0,0,0,0,0,0,0,0,0,0,0,0,0,0,0,0,0,0,0,0,0,0,0,0,-1152.37,0,1152.37,0,0,0,0,0,0,0,0,0,0,0,0,0,0,0,0,0,0,0,0,0,0,0,0,0,0,0,0,0,0,0,0,0,0,0,0,53009.1,-59923.3,-57618.6,1152.37,56466.2,2304.74,0,0,0,0,-58770.9,1152.37,0,0,0,0,56466.2,-56466.2,0,0,0,-116389,112932,-112932,0,0,0,0,0,0,0,0,0,56466.2,0,-56466.2,-2304.74,0,1152.37,0,0,0],
[0,0,0,166710,-82202.5,36875.9,-768.247,-768.247,-1536.49,768.247,1.27929e-13,-8.52926e-14,0,0,0,-768.247,-38412.4,37644.1,768.247,37644.1,-768.247,4.64e-28,4.26463e-12,-768.247,0,0,0,38412.4,-39948.9,0,0,0,0,0,0,0,0,0,0,0,0,0,0,0,0,0,0,0,0,0,0,0,0,0,0,0,0,0,0,0,0,0,0,0,0,0,0,0,0,0,0,0,0,0,0,0,0,0,-38412.4,-37644.1,-768.247,0,0,0,36875.9,1.27929e-13,1536.49,0,0,0,0,0,0,0,0,0,-75288.2,-76824.7,4.34992e-12,768.247,37644.1,-768.247,0,0,0,0,0,0],
[0,0,0,-82202.5,244303,33802.9,8.52926e-14,-39180.6,0,37644.1,768.247,-768.247,0,0,0,1536.49,38412.4,4.34992e-12,0,768.247,-38412.4,-4.17934e-12,-75288.2,37644.1,0,0,0,-768.247,768.247,0,0,0,0,0,0,0,0,0,0,0,0,0,0,0,0,0,0,0,0,0,0,0,0,0,0,0,0,0,0,0,0,0,0,0,0,0,0,0,0,0,0,0,0,0,0,0,0,0,-2304.74,-2304.74,-37644.1,0,0,0,-76056.5,38412.4,-1536.49,0,0,0,0,0,0,0,0,0,39180.6,36875.9,-39180.6,1.63749e-11,-37644.1,-76824.7,0,0,0,0,0,0],
[0,0,0,36875.9,33802.9,169014,-39180.6,37644.1,1536.49,-768.247,-38412.4,-36875.9,0,0,0,-768.247,36875.9,-768.247,0,-768.247,-36875.9,-768.247,-39180.6,0,0,0,0,37644.1,-38412.4,768.247,0,0,0,0,0,0,0,0,0,0,0,0,0,0,0,0,0,0,0,0,0,0,0,0,0,0,0,0,0,0,0,0,0,0,0,0,0,0,0,0,0,0,0,0,0,0,0,0,-76824.7,-76056.5,768.247,0,0,0,37644.1,36875.9,-1536.49,0,0,0,0,0,0,0,0,0,-768.247,0,768.247,-40717.1,-2304.74,768.247,0,0,0,0,0,0],
[0,0,0,-1152.37,1.27939e-13,-58770.9,183227,-112932,55313.8,57618.6,-1152.37,56466.2,1152.37,0,0,0,0,0,0,0,0,0,0,0,0,0,0,1152.37,56466.2,-116389,0,0,0,0,0,0,0,0,0,0,0,0,0,0,0,0,0,0,0,0,0,0,0,0,0,0,0,0,0,0,0,0,0,0,0,0,0,0,0,0,0,0,0,0,0,0,0,0,0,0,0,0,0,0,-56466.2,6.39694e-12,-6.39694e-12,-3.83787e-13,-59923.3,-2304.74,-1.27939e-13,-1152.37,-1152.37,0,0,0,0,0,0,-112932,56466.2,56466.2,0,0,0,0,0,0],
[0,0,0,-1152.37,-58770.9,56466.2,-112932,301921,-65685.2,-59923.3,1152.37,-57618.6,56466.2,6.26901e-12,0,0,0,0,0,0,0,0,0,0,0,0,0,0,6.26901e-12,56466.2,0,0,0,0,0,0,0,0,0,0,0,0,0,0,0,0,0,0,0,0,0,0,0,0,0,0,0,0,0,0,0,0,0,0,0,0,0,0,0,0,0,0,0,0,0,0,0,0,0,0,0,0,0,0,-2.13002e-11,-53009.1,55313.8,0,-58770.9,-1152.37,-1152.37,-56466.2,-1152.37,0,0,0,0,0,0,-1152.37,1152.37,-5.88423e-12,0,0,0,0,0,0],
[0,0,0,-2304.74,0,2304.74,55313.8,-65685.2,245455,-1.27939e-13,1.27939e-13,1152.37,-116389,56466.2,-56466.2,0,0,0,0,0,0,0,0,0,0,0,0,0,0,-56466.2,0,0,0,0,0,0,0,0,0,0,0,0,0,0,0,0,0,0,0,0,0,0,0,0,0,0,0,0,0,0,0,0,0,0,0,0,0,0,0,0,0,0,0,0,0,0,0,0,0,0,0,0,0,0,53009.1,-59923.3,-57618.6,0,-58770.9,2304.74,1152.37,56466.2,2304.74,0,0,0,0,0,0,-57618.6,111780,-56466.2,0,0,0,0,0,0],
[0,0,0,2304.74,112932,-2304.74,115237,-119847,-2.55878e-13,361845,-124456,112932,0,0,-2304.74,0,0,0,0,0,0,-2.55878e-13,-115237,112932,0,0,0,0,0,0,0,0,0,0,0,0,0,0,0,0,0,0,0,0,0,0,0,0,0,0,0,0,0,0,0,0,0,0,0,0,0,0,0,0,0,0,0,0,0,0,0,0,0,0,0,0,0,0,-225865,-230474,1.30498e-11,0,0,0,-110628,112932,5.11756e-13,0,0,0,0,0,0,0,0,0,0,0,0,0,0,0,0,0,0,0,0,0],
[0,0,0,3.83787e-13,2304.74,-115237,-2304.74,2304.74,2.55878e-13,-124456,129066,-4609.48,0,0,0,0,0,0,0,0,0,2.55878e-13,2304.74,0,0,0,0,0,0,0,0,0,0,0,0,0,0,0,0,0,0,0,0,0,0,0,0,0,0,0,0,0,0,0,0,0,0,0,0,0,0,0,0,0,0,0,0,0,0,0,0,0,0,0,0,0,0,0,112932,112932,-2304.74,0,0,0,0,-112932,-1.30498e-11,0,0,0,0,0,0,0,0,0,0,0,0,0,0,0,0,0,0,0,0,0],
[0,0,0,-2.55878e-13,-2304.74,-110628,112932,-115237,2304.74,112932,-4609.48,129066,0,0,2304.74,0,0,0,0,0,0,-2.55878e-13,-2304.74,0,0,0,0,0,0,0,0,0,0,0,0,0,0,0,0,0,0,0,0,0,0,0,0,0,0,0,0,0,0,0,0,0,0,0,0,0,0,0,0,0,0,0,0,0,0,0,0,0,0,0,0,0,0,0,0,2.55878e-13,2304.74,0,0,0,-122151,-2304.74,-2304.74,0,0,0,0,0,0,0,0,0,0,0,0,0,0,0,0,0,0,0,0,0],
[0,0,0,0,0,0,4609.48,225865,-465558,0,0,0,474777,-225865,225865,0,0,0,0,0,0,0,0,0,0,0,0,0,0,0,0,0,0,0,0,0,0,0,0,0,0,0,0,0,0,0,0,0,0,0,0,0,0,0,0,0,0,0,0,0,0,0,0,0,0,0,0,0,0,0,0,0,0,0,0,0,0,0,0,0,0,0,0,0,-451729,225865,225865,0,0,0,-5.11756e-13,-235084,-4609.48,0,0,0,0,0,0,0,0,0,0,0,0,0,0,0],
[0,0,0,0,0,0,0,2.5076e-11,225865,0,0,0,-225865,239693,-239693,0,0,0,0,0,0,0,0,0,0,0,0,0,0,0,0,0,0,0,0,0,0,0,0,0,0,0,0,0,0,0,0,0,0,0,0,0,0,0,0,0,0,0,0,0,0,0,0,0,0,0,0,0,0,0,0,0,0,0,0,0,0,0,0,0,0,0,0,0,225865,-221255,2.55878e-11,0,0,0,0,-2.60995e-11,-4609.48,0,0,0,0,0,0,0,0,0,0,0,0,0,0,0],
[0,0,0,0,0,0,0,0,-225865,-4609.48,0,4609.48,225865,-239693,244303,0,0,0,0,0,0,0,0,0,0,0,0,0,0,0,0,0,0,0,0,0,0,0,0,0,0,0,0,0,0,0,0,0,0,0,0,0,0,0,0,0,0,0,0,0,0,0,0,0,0,0,0,0,0,0,0,0,0,0,0,0,0,0,0,0,0,0,0,0,-230474,221255,-5.11756e-13,0,0,0,0,0,4609.48,0,0,0,0,0,0,0,0,0,0,0,0,0,0,0],
[0,0,0,-2304.74,4609.48,-2304.74,0,0,0,0,0,0,0,0,0,11523.7,-2.55878e-13,-6914.23,0,0,-2304.74,2304.74,-4.4544e-26,-2304.74,2304.74,0,-2304.74,0,0,0,0,0,0,0,0,0,0,0,0,0,0,0,0,0,0,0,0,0,0,0,0,0,0,0,0,0,0,0,0,0,0,0,0,0,0,0,0,0,0,0,0,0,0,0,0,0,0,0,-2304.74,-4.5453e-26,-2304.74,0,0,0,0,0,0,0,0,0,0,0,0,0,0,0,2304.74,0,0,0,0,0,0,0,0,0,0,0],
[0,0,0,-115237,115237,110628,0,0,0,0,0,0,0,0,0,-2.55878e-13,472472,-235084,1.27939e-11,-225865,-117542,-1.27939e-11,-112932,2.55878e-13,0,-112932,0,0,0,0,0,0,0,0,0,0,0,0,0,0,0,0,0,0,0,0,0,0,0,0,0,0,0,0,0,0,0,0,0,0,0,0,0,0,0,0,0,0,0,0,0,0,0,0,0,0,0,0,-4609.48,-4.91247e-11,-112932,0,0,0,0,0,0,0,0,0,0,0,0,0,0,0,112932,225865,-1.2538e-11,0,0,0,0,0,0,0,0,0],
[0,0,0,112932,1.30498e-11,-2304.74,0,0,0,0,0,0,0,0,0,-6914.23,-235084,246607,-2304.74,112932,7.67574e-13,-2304.74,0,2304.74,-2304.74,0,2304.74,0,0,0,0,0,0,0,0,0,0,0,0,0,0,0,0,0,0,0,0,0,0,0,0,0,0,0,0,0,0,0,0,0,0,0,0,0,0,0,0,0,0,0,0,0,0,0,0,0,0,0,-115237,-112932,112932,0,0,0,0,0,0,0,0,0,0,0,0,0,0,0,-2304.74,-110628,2304.74,0,0,0,0,0,0,0,0,0],
[0,0,0,1152.37,0,0,0,0,0,0,0,0,0,0,0,0,6.39694e-12,-1152.37,69142.3,-61075.7,-1152.37,0,0,0,-1152.37,1.27939e-13,-6.39694e-12,-1152.37,-1152.37,-1152.37,0,0,0,0,0,0,0,0,0,0,0,0,0,0,0,0,0,0,0,0,0,0,0,0,0,0,0,0,0,0,0,0,0,0,0,0,0,0,0,0,0,0,0,0,0,0,0,0,0,0,0,0,0,0,0,0,0,0,0,0,0,0,0,-6.01313e-12,-2.55878e-13,1.42041e-27,-57618.6,-56466.2,-1152.37,55313.8,-3.83787e-13,2304.74,56466.2,-2.84081e-27,-1152.37,0,0,0],
[0,0,0,56466.2,1152.37,-1152.37,0,0,0,0,0,0,0,0,0,0,-112932,56466.2,-61075.7,301921,53009.1,0,0,0,2304.74,56466.2,6.52488e-12,0,-58770.9,0,0,0,0,0,0,0,0,0,0,0,0,0,0,0,0,0,0,0,0,0,0,0,0,0,0,0,0,0,0,0,0,0,0,0,0,0,0,0,0,0,0,0,0,0,0,0,0,0,0,0,0,0,0,0,0,0,0,0,0,0,0,0,0,2304.74,-1152.37,-57618.6,-3457.11,-3457.11,-56466.2,-114085,57618.6,-2304.74,-5.88423e-12,2.84081e-27,-115237,0,0,0],
[0,0,0,-1152.37,-57618.6,-55313.8,0,0,0,0,0,0,0,0,0,-1152.37,-58770.9,3.83787e-13,-1152.37,53009.1,188989,0,0,0,-1152.37,56466.2,-1152.37,-58770.9,56466.2,1152.37,0,0,0,0,0,0,0,0,0,0,0,0,0,0,0,0,0,0,0,0,0,0,0,0,0,0,0,0,0,0,0,0,0,0,0,0,0,0,0,0,0,0,0,0,0,0,0,0,0,0,0,0,0,0,0,0,0,0,0,0,0,0,0,-1152.37,0,0,-115237,-114085,1152.37,56466.2,55313.8,-2304.74,1.36359e-27,-2304.74,2304.74,0,0,0],
[0,0,0,2.784e-27,-2.5076e-11,-4609.48,0,0,0,-5.11756e-13,5.11756e-13,-5.11756e-13,0,0,0,4609.48,-2.55878e-11,-4609.48,0,0,0,9218.97,2.66113e-11,-9218.97,0,0,0,0,0,0,0,0,0,0,0,0,0,0,0,0,0,0,0,0,0,0,0,0,0,0,0,0,0,0,0,0,0,0,0,0,0,0,0,0,0,0,0,0,0,0,0,0,0,0,0,0,0,0,4609.48,2.5076e-11,0,0,0,0,0,0,0,0,0,0,0,0,0,0,0,0,0,0,0,0,0,0,0,0,0,0,0,0],
[0,0,0,2.55878e-11,-451729,-235084,0,0,0,-230474,4609.48,-4609.48,0,0,0,-8.90879e-26,-225865,0,0,0,0,2.66113e-11,474777,-235084,0,0,0,0,0,0,0,0,0,0,0,0,0,0,0,0,0,0,0,0,0,0,0,0,0,0,0,0,0,0,0,0,0,0,0,0,0,0,0,0,0,0,0,0,0,0,0,0,0,0,0,0,0,0,451729,451729,-2.5076e-11,0,0,0,0,0,0,0,0,0,0,0,0,0,0,0,0,0,0,0,0,0,0,0,0,0,0,0],
[0,0,0,-4609.48,225865,0,0,0,0,225865,0,0,0,0,0,-4609.48,5.11756e-13,4609.48,0,0,0,-9218.97,-235084,248912,0,0,0,0,0,0,0,0,0,0,0,0,0,0,0,0,0,0,0,0,0,0,0,0,0,0,0,0,0,0,0,0,0,0,0,0,0,0,0,0,0,0,0,0,0,0,0,0,0,0,0,0,0,0,-230474,-221255,2.45643e-11,0,0,0,0,0,0,0,0,0,0,0,0,0,0,0,0,0,0,0,0,0,0,0,0,0,0,0],
[0,0,0,0,0,0,0,0,0,0,0,0,0,0,0,4609.48,0,-4609.48,-4609.48,9218.97,-4609.48,0,0,0,13828.5,-5.11756e-13,-4609.48,0,0,0,0,0,0,0,0,0,0,0,0,0,0,0,0,0,0,0,0,0,0,0,0,0,0,0,0,0,0,0,0,0,0,0,0,0,0,0,0,0,0,0,0,0,0,0,0,0,0,0,0,0,0,0,0,0,0,0,0,0,0,0,0,0,0,0,0,0,-4609.48,0,-4609.48,0,0,0,0,0,0,0,0,0],
[0,0,0,0,0,0,0,0,0,0,0,0,0,0,0,0,-225865,0,5.11756e-13,225865,225865,0,0,0,-5.11756e-13,470167,-235084,0,0,0,0,0,0,0,0,0,0,0,0,0,0,0,0,0,0,0,0,0,0,0,0,0,0,0,0,0,0,0,0,0,0,0,0,0,0,0,0,0,0,0,0,0,0,0,0,0,0,0,0,0,0,0,0,0,0,0,0,0,0,0,0,0,0,-225865,0,5.11756e-11,-9218.97,0,-225865,0,0,0,0,0,0,0,0,0],
[0,0,0,0,0,0,0,0,0,0,0,0,0,0,0,-4609.48,0,4609.48,-2.55878e-11,2.60995e-11,-4609.48,0,0,0,-4609.48,-235084,244303,0,0,0,0,0,0,0,0,0,0,0,0,0,0,0,0,0,0,0,0,0,0,0,0,0,0,0,0,0,0,0,0,0,0,0,0,0,0,0,0,0,0,0,0,0,0,0,0,0,0,0,0,0,0,0,0,0,0,0,0,0,0,0,0,0,0,225865,0,4609.48,-230474,-225865,225865,0,0,0,0,0,0,0,0,0],
[-2.55858e-13,-1536.49,-1536.49,76824.7,-1536.49,75288.2,1536.49,0,0,0,0,0,0,0,0,0,0,0,-1536.49,0,-78361.2,0,0,0,0,0,0,86043.7,-75288.2,-1536.49,0,0,0,0,0,0,0,0,0,0,0,0,0,0,0,0,0,0,0,0,0,0,0,0,0,0,0,0,0,0,0,0,0,0,0,0,0,0,0,0,0,0,0,0,0,0,0,0,0,0,0,0,0,0,0,0,0,-1.70585e-13,-1536.49,-1536.49,0,0,0,0,0,0,0,0,0,-75288.2,0,0,5.11716e-13,0,0,0,0,0],
[6.0604e-28,-78361.2,0,-79897.7,1536.49,-76824.7,75288.2,8.35867e-12,0,0,0,0,0,0,0,0,0,0,-1536.49,-78361.2,75288.2,0,0,0,0,0,0,-75288.2,322664,-7682.47,0,0,0,0,0,0,0,0,0,0,0,0,0,0,0,0,0,0,0,0,0,0,0,0,0,0,0,0,0,0,0,0,0,0,0,0,0,0,0,0,0,0,0,0,0,0,0,0,0,0,0,0,0,0,0,0,0,-1536.49,-75288.2,-1536.49,0,0,0,0,0,0,0,0,0,-1.63749e-11,-70678.8,73751.8,-76824.7,75288.2,-1.63749e-11,0,0,0],
[0,-78361.2,1536.49,0,0,1536.49,-155186,75288.2,-75288.2,0,0,0,0,0,0,0,0,0,-1536.49,0,1536.49,0,0,0,0,0,0,-1536.49,-7682.47,245839,0,0,0,0,0,0,0,0,0,0,0,0,0,0,0,0,0,0,0,0,0,0,0,0,0,0,0,0,0,0,0,0,0,0,0,0,0,0,0,0,0,0,0,0,0,0,0,0,0,0,0,0,0,0,0,0,0,1536.49,75288.2,3072.99,0,0,0,0,0,0,0,0,0,70678.8,-79897.7,-76824.7,0,75288.2,-75288.2,0,0,0],
[0,0,0,0,0,0,0,0,0,0,0,0,0,0,0,0,0,0,0,0,0,0,0,0,0,0,0,0,0,0,419463,-120999,-115237,1152.37,112932,-57618.6,0,0,0,1152.37,-57618.6,112932,-56466.2,56466.2,56466.2,0,0,0,0,0,0,0,0,0,0,0,0,-55313.8,0,-61075.7,-112932,56466.2,-57618.6,0,0,0,55313.8,-114085,56466.2,-56466.2,-1.22812e-11,53009.1,0,0,0,0,0,0,0,0,0,0,0,0,0,0,0,0,0,0,0,0,0,0,0,0,0,0,0,0,0,0,0,0,0,-55313.8,-58770.9,-2304.74],
[0,0,0,0,0,0,0,0,0,0,0,0,0,0,0,0,0,0,0,0,0,0,0,0,0,0,0,0,0,0,-120999,187836,-2304.74,-2304.74,-1.27939e-13,-1152.37,0,0,0,56466.2,2304.74,-58770.9,1.27939e-13,1152.37,0,0,0,0,0,0,0,0,0,0,0,0,0,56466.2,-56466.2,-1152.37,56466.2,-55313.8,55313.8,0,0,0,-1.91893e-13,57618.6,55313.8,-6.81742e-26,-53009.1,-59923.3,0,0,0,0,0,0,0,0,0,0,0,0,0,0,0,0,0,0,0,0,0,0,0,0,0,0,0,0,0,0,0,0,0,-57618.6,-59923.3,0],
[0,0,0,0,0,0,0,0,0,0,0,0,0,0,0,0,0,0,0,0,0,0,0,0,0,0,0,0,0,0,-115237,-2304.74,125608,0,-112932,56466.2,0,0,0,-1.27939e-11,1152.37,-1152.37,56466.2,1152.37,-57618.6,0,0,0,0,0,0,0,0,0,0,0,0,-1.30498e-11,1.30498e-11,-1152.37,56466.2,0,-6.52488e-12,0,0,0,2304.74,-2304.74,-2304.74,2.55878e-13,55313.8,-57618.6,0,0,0,0,0,0,0,0,0,0,0,0,0,0,0,0,0,0,0,0,0,0,0,0,0,0,0,0,0,0,0,0,0,2.5076e-11,2.55878e-11,-2304.74],
[0,0,0,0,0,0,0,0,0,0,0,0,0,0,0,0,0,0,0,0,0,0,0,0,0,0,0,0,0,0,4609.48,-9218.97,0,9218.97,0,0,0,0,0,0,0,0,-5.11756e-13,-4609.48,0,0,0,0,0,0,0,0,0,0,0,0,0,0,0,0,0,0,0,0,0,0,0,0,0,-5.11756e-13,-4609.48,4609.48,0,0,0,0,0,0,0,0,0,0,0,0,0,0,0,0,0,0,0,0,0,0,0,0,0,0,0,0,0,0,0,0,0,0,0,0],
[0,0,0,0,0,0,0,0,0,0,0,0,0,0,0,0,0,0,0,0,0,0,0,0,0,0,0,0,0,0,451729,-5.11756e-13,-451729,0,474777,-235084,0,0,0,0,0,0,-230474,4609.48,225865,0,0,0,0,0,0,0,0,0,0,0,0,0,0,0,-235084,-5.11756e-13,2.55878e-11,0,0,0,0,0,0,-4609.48,-225865,225865,0,0,0,0,0,0,0,0,0,0,0,0,0,0,0,0,0,0,0,0,0,0,0,0,0,0,0,0,0,0,0,0,0,0,0,0],
[0,0,0,0,0,0,0,0,0,0,0,0,0,0,0,0,0,0,0,0,0,0,0,0,0,0,0,0,0,0,-230474,-4609.48,225865,0,-235084,248912,0,0,0,0,0,0,225865,-9.09061e-26,-225865,0,0,0,0,0,0,0,0,0,0,0,0,0,0,0,-4609.48,-4609.48,4609.48,0,0,0,0,0,0,-4609.48,-4609.48,9218.97,0,0,0,0,0,0,0,0,0,0,0,0,0,0,0,0,0,0,0,0,0,0,0,0,0,0,0,0,0,0,0,0,0,0,0,0],
[0,0,0,0,0,0,0,0,0,0,0,0,0,0,0,0,0,0,0,0,0,0,0,0,0,0,0,0,0,0,0,0,0,0,0,0,419463,336492,-112932,-56466.2,-56466.2,-6.26901e-12,0,0,0,-58770.9,-2.55878e-13,-59923.3,-58770.9,2.89763e-27,-56466.2,0,0,0,0,0,0,0,0,0,0,0,0,1152.37,56466.2,-1152.37,-112932,58770.9,-1152.37,0,0,0,-1152.37,-2304.74,-57618.6,0,0,0,0,0,0,-57618.6,-3457.11,-115237,0,0,0,0,0,0,0,0,0,0,0,0,0,0,0,0,0,0,0,0,0,-58770.9,-57618.6,56466.2],
[0,0,0,0,0,0,0,0,0,0,0,0,0,0,0,0,0,0,0,0,0,0,0,0,0,0,0,0,0,0,0,0,0,0,0,0,336492,359540,-117542,-57618.6,-61075.7,-6.39694e-12,0,0,0,-57618.6,1152.37,-56466.2,-58770.9,2.784e-27,-56466.2,0,0,0,0,0,0,0,0,0,0,0,0,0,112932,-55313.8,-115237,55313.8,0,0,0,0,0,-2.45624e-11,-56466.2,0,0,0,0,0,0,-56466.2,-3457.11,-114085,0,0,0,0,0,0,0,0,0,0,0,0,0,0,0,0,0,0,0,0,0,-2.55878e-13,1152.37,0],
[0,0,0,0,0,0,0,0,0,0,0,0,0,0,0,0,0,0,0,0,0,0,0,0,0,0,0,0,0,0,0,0,0,0,0,0,-112932,-117542,183227,-2304.74,-2.55878e-13,54161.4,0,0,0,56466.2,0,56466.2,1.30498e-11,0,56466.2,0,0,0,0,0,0,0,0,0,0,0,0,0,6.68159e-26,1152.37,-6.95431e-26,-58770.9,1152.37,0,0,0,-1152.37,-56466.2,56466.2,0,0,0,0,0,0,-1152.37,-56466.2,1152.37,0,0,0,0,0,0,0,0,0,0,0,0,0,0,0,0,0,0,0,0,0,-59923.3,-56466.2,56466.2],
[0,0,0,0,0,0,0,0,0,0,0,0,0,0,0,0,0,0,0,0,0,0,0,0,0,0,0,0,0,0,768.247,37644.1,-8.52926e-12,0,0,0,-37644.1,-38412.4,-1536.49,362613,-82202.5,-116005,0,75288.2,-39180.6,0,0,0,768.247,-38412.4,75288.2,-37644.1,37644.1,37644.1,0,0,0,0,0,0,0,0,0,0,0,0,768.247,-2.49042e-11,-40717.1,-75288.2,-768.247,-38412.4,0,0,0,-37644.1,-8.18745e-12,35339.4,0,0,0,36875.9,-76056.5,37644.1,0,0,0,0,0,0,0,0,0,0,0,0,0,0,0,0,0,0,0,0,0,-39180.6,-39180.6,8.69984e-12],
[0,0,0,0,0,0,0,0,0,0,0,0,0,0,0,0,0,0,0,0,0,0,0,0,0,0,0,0,0,0,-38412.4,1536.49,768.247,0,0,0,-37644.1,-40717.1,-1.70585e-13,-82202.5,167478,-42253.6,-1536.49,-37644.1,-768.247,0,0,0,37644.1,1536.49,-39180.6,0,768.247,0,0,0,0,0,0,0,0,0,0,0,0,0,37644.1,-37644.1,-2304.74,37644.1,768.247,74520,0,0,0,0,-35339.4,-39948.9,0,0,0,2.55858e-13,38412.4,36875.9,0,0,0,0,0,0,0,0,0,0,0,0,0,0,0,0,0,0,0,0,0,0,0,0],
[0,0,0,0,0,0,0,0,0,0,0,0,0,0,0,0,0,0,0,0,0,0,0,0,0,0,0,0,0,0,75288.2,-39180.6,-768.247,0,0,0,-4.17934e-12,-4.26463e-12,36107.6,-116005,-42253.6,204354,-1.5151e-26,-37644.1,37644.1,0,0,0,4.26463e-12,768.247,-768.247,37644.1,768.247,-38412.4,0,0,0,0,0,0,0,0,0,0,0,0,-768.247,-76824.7,768.247,37644.1,0,-37644.1,0,0,0,0,36875.9,-38412.4,0,0,0,1536.49,-1536.49,-1536.49,0,0,0,0,0,0,0,0,0,0,0,0,0,0,0,0,0,0,0,0,0,-37644.1,-37644.1,37644.1],
[0,0,0,0,0,0,0,0,0,0,0,0,0,0,0,0,0,0,0,0,0,0,0,0,0,0,0,0,0,0,-112932,2.55878e-13,112932,-2.55878e-13,-115237,112932,0,0,0,0,-4609.48,-4.5453e-26,126761,-2304.74,-115237,0,0,0,0,0,0,-4.63621e-26,-2304.74,4.63621e-26,0,0,0,0,0,0,0,0,0,0,0,0,0,0,0,0,0,-1.27939e-11,0,0,0,0,-2304.74,2304.74,0,0,0,0,0,0,0,0,0,0,0,0,0,0,0,0,0,0,0,0,0,0,0,0,0,0,0,0,0,0],
[0,0,0,0,0,0,0,0,0,0,0,0,0,0,0,0,0,0,0,0,0,0,0,0,0,0,0,0,0,0,112932,2304.74,2304.74,-2304.74,2304.74,-4.5453e-26,0,0,0,225865,-112932,-112932,-2304.74,361845,-119847,0,0,0,0,0,0,-115237,2304.74,112932,0,0,0,0,0,0,0,0,0,0,0,0,0,0,0,-119847,-117542,-117542,0,0,0,-2304.74,-112932,112932,0,0,0,0,0,0,0,0,0,0,0,0,0,0,0,0,0,0,0,0,0,0,0,0,0,0,0,0,0,0],
[0,0,0,0,0,0,0,0,0,0,0,0,0,0,0,0,0,0,0,0,0,0,0,0,0,0,0,0,0,0,112932,0,-115237,0,112932,-112932,0,0,0,-117542,-2304.74,112932,-115237,-119847,246607,0,0,0,0,0,0,112932,0,-112932,0,0,0,0,0,0,0,0,0,0,0,0,0,0,0,-4609.48,-2304.74,4609.48,0,0,0,-2304.74,-2304.74,4609.48,0,0,0,0,0,0,0,0,0,0,0,0,0,0,0,0,0,0,0,0,0,0,0,0,0,0,0,0,0,0],
[0,0,0,0,0,0,0,0,0,0,0,0,0,0,0,0,0,0,0,0,0,0,0,0,0,0,0,0,0,0,0,0,0,0,0,0,-235084,-230474,225865,0,0,0,0,0,0,248912,-9218.97,-4609.48,-4609.48,4609.48,0,0,0,0,0,0,0,0,0,0,0,0,0,0,0,0,0,0,0,0,0,0,0,-225865,225865,0,0,0,0,0,0,5.11756e-11,9218.97,-4609.48,0,0,0,0,0,0,0,0,0,0,0,0,0,0,0,0,0,0,0,0,0,0,0,0],
[0,0,0,0,0,0,0,0,0,0,0,0,0,0,0,0,0,0,0,0,0,0,0,0,0,0,0,0,0,0,0,0,0,0,0,0,-1.02351e-12,4609.48,0,0,0,0,0,0,0,-9218.97,9218.97,2.04702e-12,4609.48,-4609.48,0,0,0,0,0,0,0,0,0,0,0,0,0,0,0,0,0,0,0,0,0,0,0,0,0,0,0,0,0,0,0,-1.02351e-12,-4609.48,0,0,0,0,0,0,0,0,0,0,0,0,0,0,0,0,0,0,0,0,0,0,0,0,0],
[0,0,0,0,0,0,0,0,0,0,0,0,0,0,0,0,0,0,0,0,0,0,0,0,0,0,0,0,0,0,0,0,0,0,0,0,-239693,-225865,225865,0,0,0,0,0,0,-4609.48,2.04702e-12,244303,5.11756e-11,-1.02351e-12,225865,0,0,0,0,0,0,0,0,0,0,0,0,0,0,0,0,0,0,0,0,0,0,5.11756e-11,4609.48,0,0,0,0,0,0,-1.13633e-26,-230474,0,0,0,0,0,0,0,0,0,0,0,0,0,0,0,0,0,0,0,0,0,0,0,0,0],
[0,0,0,0,0,0,0,0,0,0,0,0,0,0,0,0,0,0,0,0,0,0,0,0,0,0,0,0,0,0,0,0,0,0,0,0,-117542,-117542,2.60995e-11,2304.74,112932,1.27939e-11,0,0,0,-2304.74,2304.74,2.55878e-11,248912,-4609.48,-117542,-2304.74,0,-2304.74,0,0,0,0,0,0,0,0,0,0,0,0,0,0,0,0,0,0,0,0,0,0,-115237,0,0,0,0,112932,0,-2.55878e-13,0,0,0,0,0,0,0,0,0,0,0,0,0,0,0,0,0,0,0,0,0,0,0,0],
[0,0,0,0,0,0,0,0,0,0,0,0,0,0,0,0,0,0,0,0,0,0,0,0,0,0,0,0,0,0,0,0,0,0,0,0,5.79526e-27,5.568e-27,0,-115237,4609.48,2304.74,0,0,0,2304.74,-2304.74,-5.11756e-13,-4609.48,126761,-122151,0,-112932,0,0,0,0,0,0,0,0,0,0,0,0,0,0,0,0,0,0,0,0,0,0,0,112932,112932,0,0,0,-5.68163e-27,5.68163e-27,-4609.48,0,0,0,0,0,0,0,0,0,0,0,0,0,0,0,0,0,0,0,0,0,0,0,0],
[0,0,0,0,0,0,0,0,0,0,0,0,0,0,0,0,0,0,0,0,0,0,0,0,0,0,0,0,0,0,0,0,0,0,0,0,-112932,-112932,112932,225865,-117542,-2304.74,0,0,0,0,0,112932,-117542,-122151,361845,0,112932,0,0,0,0,0,0,0,0,0,0,0,0,0,0,0,0,0,0,0,0,0,0,0,0,-112932,0,0,0,-2304.74,-230474,4609.48,0,0,0,0,0,0,0,0,0,0,0,0,0,0,0,0,0,0,0,0,0,0,0,0],
[0,0,0,0,0,0,0,0,0,0,0,0,0,0,0,0,0,0,0,0,0,0,0,0,0,0,0,0,0,0,0,0,0,0,0,0,0,0,0,-225865,0,225865,-9.27242e-26,-230474,225865,0,0,0,-4609.48,0,0,244303,-4609.48,-230474,0,0,0,0,0,0,0,0,0,0,0,0,0,0,0,0,0,0,0,0,0,0,1.81812e-27,0,0,0,0,0,0,0,0,0,0,0,0,0,0,0,0,0,0,0,0,0,0,0,0,0,0,0,0,0,0,0],
[0,0,0,0,0,0,0,0,0,0,0,0,0,0,0,0,0,0,0,0,0,0,0,0,0,0,0,0,0,0,0,0,0,0,0,0,0,0,0,225865,4609.48,4609.48,-4609.48,4609.48,0,0,0,0,0,-225865,225865,-4609.48,248912,-4609.48,0,0,0,0,0,0,0,0,0,0,0,0,0,0,0,0,0,0,0,0,0,-4609.48,-235084,-235084,0,0,0,0,0,0,0,0,0,0,0,0,0,0,0,0,0,0,0,0,0,0,0,0,0,0,0,0,0,0],
[0,0,0,0,0,0,0,0,0,0,0,0,0,0,0,0,0,0,0,0,0,0,0,0,0,0,0,0,0,0,0,0,0,0,0,0,0,0,0,225865,0,-230474,9.27242e-26,225865,-225865,0,0,0,-4609.48,0,0,-230474,-4609.48,244303,0,0,0,0,0,0,0,0,0,0,0,0,0,0,0,0,0,0,0,0,0,-4609.48,0,4609.48,0,0,0,0,0,0,0,0,0,0,0,0,0,0,0,0,0,0,0,0,0,0,0,0,0,0,0,0,0,0],
[0,0,0,0,0,0,0,0,0,0,0,0,0,0,0,0,0,0,0,0,0,0,0,0,0,0,0,0,0,0,0,0,0,0,0,0,0,0,0,0,0,0,0,0,0,0,0,0,0,0,0,0,0,0,359540,338797,-114085,-55313.8,-57618.6,1.36359e-27,0,0,0,-57618.6,6.81795e-26,-61075.7,-58770.9,6.68159e-26,-57618.6,0,0,0,0,0,0,0,0,0,1152.37,112932,-57618.6,0,0,0,-112932,56466.2,0,0,0,0,0,0,0,0,0,0,-1152.37,-2304.74,-57618.6,-57618.6,-3457.11,-115237,0,0,0,1152.37,-6.68159e-26,0],
[0,0,0,0,0,0,0,0,0,0,0,0,0,0,0,0,0,0,0,0,0,0,0,0,0,0,0,0,0,0,0,0,0,0,0,0,0,0,0,0,0,0,0,0,0,0,0,0,0,0,0,0,0,0,338797,475929,-176313,-116389,-58770.9,-1152.37,0,0,0,-57618.6,-55313.8,-56466.2,-58770.9,-112932,-115237,0,0,0,0,0,0,0,0,0,-6.68159e-26,112932,-55313.8,0,0,0,-115237,56466.2,0,0,0,0,0,0,0,0,0,0,-2.27265e-26,0,-56466.2,-56466.2,-3457.11,-114085,0,0,0,112932,112932,6.68159e-26],
[0,0,0,0,0,0,0,0,0,0,0,0,0,0,0,0,0,0,0,0,0,0,0,0,0,0,0,0,0,0,0,0,0,0,0,0,0,0,0,0,0,0,0,0,0,0,0,0,0,0,0,0,0,0,-114085,-176313,184379,54161.4,0,-2304.74,0,0,0,55313.8,-1.36359e-27,57618.6,-1152.37,56466.2,56466.2,0,0,0,0,0,0,0,0,0,0,6.68159e-26,-6.54524e-26,0,0,0,-6.95431e-26,-1152.37,1152.37,0,0,0,0,0,0,0,0,0,-1152.37,-56466.2,56466.2,-1152.37,-56466.2,1152.37,0,0,0,-57618.6,-55313.8,-6.54524e-26],
[0,0,0,0,0,0,0,0,0,0,0,0,0,0,0,0,0,0,0,0,0,0,0,0,0,0,0,0,0,0,-36875.9,37644.1,-8.69984e-12,0,0,0,0,0,0,0,0,0,0,0,0,0,0,0,0,0,0,0,0,0,-36875.9,-77593,36107.6,400257,-122151,-39180.6,768.247,75288.2,-39180.6,0,0,0,1536.49,-768.247,74520,768.247,-2304.74,37644.1,0,0,0,0,0,0,0,0,0,0,0,0,-36875.9,0,-40717.1,-37644.1,0,35339.4,-75288.2,37644.1,-38412.4,0,0,0,0,0,0,36875.9,-76056.5,37644.1,0,0,0,-75288.2,-76824.7,-4.63621e-26],
[0,0,0,0,0,0,0,0,0,0,0,0,0,0,0,0,0,0,0,0,0,0,0,0,0,0,0,0,0,0,0,-37644.1,8.69984e-12,0,0,0,0,0,0,0,0,0,0,0,0,0,0,0,0,0,0,0,0,0,-38412.4,-39180.6,0,-122151,168246,-3072.99,-1536.49,-1.70585e-13,-768.247,0,0,0,37644.1,2304.74,-77593,-768.247,1536.49,-9.09061e-28,0,0,0,0,0,0,0,0,0,0,0,0,37644.1,-37644.1,-768.247,1.70585e-13,-35339.4,-39948.9,37644.1,-36875.9,36875.9,0,0,0,0,0,0,2.55858e-13,38412.4,36875.9,0,0,0,37644.1,37644.1,-768.247],
[0,0,0,0,0,0,0,0,0,0,0,0,0,0,0,0,0,0,0,0,0,0,0,0,0,0,0,0,0,0,-40717.1,-768.247,-768.247,0,0,0,0,0,0,0,0,0,0,0,0,0,0,0,0,0,0,0,0,0,9.09061e-28,-768.247,-1536.49,-39180.6,-3072.99,126761,4.17934e-12,-75288.2,38412.4,0,0,0,1.70585e-13,-1.27929e-13,-37644.1,75288.2,-37644.1,-37644.1,0,0,0,0,0,0,0,0,0,0,0,0,4.4544e-26,0,-768.247,4.4544e-26,36875.9,-38412.4,37644.1,4.26463e-12,-8.78514e-12,0,0,0,0,0,0,1536.49,-1536.49,-1536.49,0,0,0,0,-1.70585e-13,768.247],
[0,0,0,0,0,0,0,0,0,0,0,0,0,0,0,0,0,0,0,0,0,0,0,0,0,0,0,0,0,0,-225865,112932,112932,0,-117542,-2304.74,0,0,0,0,0,0,0,0,0,0,0,0,0,0,0,0,0,0,0,0,0,2304.74,-4609.48,1.2538e-11,241998,-112932,112932,0,0,0,0,0,0,2304.74,110628,-232779,0,0,0,0,0,0,0,0,0,0,0,0,0,0,0,-7.67633e-13,-2304.74,2304.74,-2.55878e-13,0,0,0,0,0,0,0,0,0,0,0,0,0,0,0,0,0],
[0,0,0,0,0,0,0,0,0,0,0,0,0,0,0,0,0,0,0,0,0,0,0,0,0,0,0,0,0,0,112932,-110628,0,0,-2.55878e-13,-2304.74,0,0,0,0,0,0,0,0,0,0,0,0,0,0,0,0,0,0,0,0,0,225865,-5.11756e-13,-225865,-112932,357235,-237388,0,0,0,0,0,0,-115237,2304.74,225865,0,0,0,0,0,0,0,0,0,0,0,0,0,0,0,-2304.74,-112932,112932,-117542,-1.35615e-11,2.55878e-11,0,0,0,0,0,0,0,0,0,0,0,0,0,0,0],
[0,0,0,0,0,0,0,0,0,0,0,0,0,0,0,0,0,0,0,0,0,0,0,0,0,0,0,0,0,0,-115237,110628,-1.30498e-11,0,1.27939e-11,2304.74,0,0,0,0,0,0,0,0,0,0,0,0,0,0,0,0,0,0,0,0,0,-117542,-2304.74,115237,112932,-237388,246607,0,0,0,0,0,0,112932,-1.2538e-11,-225865,0,0,0,0,0,0,0,0,0,0,0,0,0,0,0,-2304.74,-2304.74,4609.48,-2304.74,-2304.74,2304.74,0,0,0,0,0,0,0,0,0,0,0,0,0,0,0],
[0,0,0,0,0,0,0,0,0,0,0,0,0,0,0,0,0,0,0,0,0,0,0,0,0,0,0,0,0,0,0,0,0,0,0,0,768.247,0,0,0,0,0,0,0,0,0,0,0,0,0,0,0,0,0,-38412.4,-38412.4,36875.9,0,0,0,0,0,0,283483,224328,-77593,-38412.4,-36107.6,-768.247,0,0,0,-38412.4,0,-40717.1,0,0,0,0,0,0,-39180.6,1.93175e-27,-38412.4,0,0,0,0,0,0,0,0,0,-768.247,-1536.49,-38412.4,768.247,37644.1,-768.247,-75288.2,39180.6,-768.247,-38412.4,-2304.74,-76824.7,-768.247,-1.5151e-26,-768.247],
[0,0,0,0,0,0,0,0,0,0,0,0,0,0,0,0,0,0,0,0,0,0,0,0,0,0,0,0,0,0,0,0,0,0,0,0,37644.1,75288.2,4.4544e-26,0,0,0,0,0,0,0,0,0,0,0,0,0,0,0,4.5453e-26,-36875.9,-9.09061e-28,0,0,0,0,0,0,224328,397184,-156722,-76824.7,-2304.74,36875.9,0,0,0,-38412.4,-36875.9,-37644.1,0,0,0,0,0,0,-39180.6,-75288.2,-76824.7,0,0,0,0,0,0,0,0,0,0,0,-37644.1,0,75288.2,-36875.9,-76824.7,36875.9,0,-37644.1,-2304.74,-76056.5,-1536.49,8.18745e-12,-37644.1],
[0,0,0,0,0,0,0,0,0,0,0,0,0,0,0,0,0,0,0,0,0,0,0,0,0,0,0,0,0,0,0,0,0,0,0,0,-768.247,-36875.9,768.247,0,0,0,0,0,0,0,0,0,0,0,0,0,0,0,-40717.1,-37644.1,38412.4,0,0,0,0,0,0,-77593,-156722,204354,36107.6,-8.69984e-12,35339.4,0,0,0,36875.9,-8.35867e-12,38412.4,0,0,0,0,0,0,-768.247,37644.1,37644.1,0,0,0,0,0,0,0,0,0,-768.247,-37644.1,37644.1,0,4.4544e-26,768.247,-4.63621e-26,-39180.6,768.247,-768.247,-37644.1,768.247,-38412.4,-37644.1,37644.1],
[-18822.1,0,17669.7,0,0,0,0,0,0,0,0,0,0,0,0,0,0,0,0,0,0,0,0,0,0,0,0,0,0,0,18437.9,-6.39645e-14,768.247,0,0,0,-37644.1,-38412.4,-2.3181e-26,384.124,18822.1,-384.124,0,0,0,0,0,0,0,0,0,0,0,0,-19590.3,-19590.3,-384.124,768.247,18822.1,8.52926e-14,0,0,0,-19206.2,-38412.4,18053.8,264661,-82202.5,-39564.7,-384.124,37260,-20358.6,0,0,0,384.124,-1152.37,18822.1,0,0,0,768.247,-384.124,37260,0,0,0,-37644.1,-384.124,-19206.2,0,0,0,0,0,0,0,0,0,384.124,-4.09373e-12,-20358.6,18437.9,-38028.2,18822.1,-19206.2,-18822.1,-384.124],
[0,-17669.7,-19974.4,0,0,0,0,0,0,0,0,0,0,0,0,0,0,0,0,0,0,0,0,0,0,0,0,0,0,0,-38028.2,19206.2,-768.247,0,0,0,19590.3,18437.9,-19590.3,-1.24521e-11,-18822.1,-38412.4,0,0,0,0,0,0,0,0,0,0,0,0,2.2272e-26,-37644.1,18822.1,-384.124,1152.37,-6.39645e-14,0,0,0,-18053.8,-1152.37,-4.34992e-12,-82202.5,205890,-4225.36,-768.247,-38412.4,-384.124,0,0,0,-384.124,768.247,0,0,0,0,18822.1,1152.37,-38796.5,0,0,0,18822.1,384.124,37260,0,0,0,0,0,0,0,0,0,18822.1,-18822.1,-1152.37,0,19206.2,18437.9,-1152.37,-1152.37,-18822.1],
[0,18437.9,-19206.2,0,0,0,0,0,0,0,0,0,0,0,0,0,0,0,0,0,0,0,0,0,0,0,0,0,0,0,18822.1,18437.9,-768.247,0,0,0,-384.124,0,384.124,-20358.6,-1152.37,384.124,0,0,0,0,0,0,0,0,0,0,0,0,-19206.2,-38412.4,18822.1,37260,-38796.5,-18822.1,0,0,0,-384.124,18437.9,17669.7,-39564.7,-4225.36,186684,-19590.3,-4.09373e-12,19590.3,0,0,0,37644.1,-18822.1,-18822.1,0,0,0,-2.27265e-26,1.27929e-13,-18822.1,0,0,0,18822.1,2.13231e-12,-18822.1,0,0,0,0,0,0,0,0,0,-384.124,-38412.4,384.124,768.247,-768.247,-768.247,-38412.4,-38028.2,384.124],
[-8.52926e-14,-768.247,768.247,0,0,0,0,0,0,0,0,0,0,0,0,0,0,0,0,0,0,0,0,0,0,0,0,0,0,0,-37644.1,-4.54495e-26,1.70585e-13,-8.52926e-14,-768.247,-768.247,0,0,0,-75288.2,37644.1,37644.1,0,-39948.9,-1536.49,0,0,0,0,0,0,0,0,0,0,0,0,768.247,-768.247,75288.2,768.247,-38412.4,37644.1,0,0,0,-768.247,-1536.49,-39180.6,164405,-76056.5,-1536.49,0,0,0,768.247,36875.9,-77593,0,0,0,0,0,0,0,0,0,-8.52926e-14,0,-8.52926e-12,0,0,0,0,0,0,0,0,0,0,0,0,0,0,0,0,0,0],
[-768.247,-37644.1,37644.1,0,0,0,0,0,0,0,0,0,0,0,0,0,0,0,0,0,0,0,0,0,0,0,0,0,0,0,-8.18745e-12,-35339.4,36875.9,-768.247,-37644.1,-768.247,0,0,0,-768.247,768.247,0,0,-39180.6,-768.247,0,0,0,0,0,0,0,0,0,0,0,0,-2304.74,1536.49,-37644.1,36875.9,768.247,-4.17934e-12,0,0,0,74520,-76824.7,-8.18745e-12,-76056.5,321896,-83739,0,0,0,-38412.4,768.247,75288.2,0,0,0,0,0,0,0,0,0,-39948.9,-39180.6,-39180.6,0,0,0,0,0,0,0,0,0,0,0,0,0,0,0,0,0,0],
[-768.247,-768.247,1536.49,0,0,0,0,0,0,0,0,0,0,0,0,0,0,0,0,0,0,0,0,0,0,0,0,0,0,0,35339.4,-39948.9,-38412.4,768.247,37644.1,1536.49,0,0,0,-38412.4,74520,-37644.1,-4.26463e-12,-39180.6,1536.49,0,0,0,0,0,0,0,0,0,0,0,0,37644.1,-9.09061e-28,-37644.1,-77593,75288.2,-75288.2,0,0,0,-40717.1,-768.247,39180.6,-1536.49,-83739,245839,0,0,0,37644.1,0,-75288.2,0,0,0,0,0,0,0,0,0,-1536.49,-768.247,1536.49,0,0,0,0,0,0,0,0,0,0,0,0,0,0,0,0,0,0],
[0,0,0,0,0,0,0,0,0,0,0,0,0,0,0,0,0,0,0,0,0,0,0,0,0,0,0,0,0,0,0,0,0,0,0,0,-2304.74,0,-2304.74,0,0,0,0,0,0,0,0,0,0,0,0,0,0,0,0,0,0,0,0,0,0,0,0,-115237,-115237,110628,0,0,0,0,0,0,131370,-4609.48,-4609.48,0,0,0,0,0,0,-4609.48,6914.23,-2304.74,0,0,0,0,0,0,0,0,0,0,-112932,112932,0,0,0,0,0,0,5.11756e-13,4609.48,-2304.74,0,0,0],
[0,0,0,0,0,0,0,0,0,0,0,0,0,0,0,0,0,0,0,0,0,0,0,0,0,0,0,0,0,0,0,0,0,0,0,0,-4609.48,-4.91247e-11,-112932,0,0,0,0,0,0,-112932,0,2.55878e-11,0,0,0,0,0,0,0,0,0,0,0,0,0,0,0,0,-110628,-2.5076e-11,0,0,0,0,0,0,-4609.48,239693,-117542,0,0,0,0,0,0,2304.74,110628,112932,0,0,0,0,0,0,0,0,0,0,0,0,0,0,0,0,0,0,-5.11756e-13,-2304.74,0,0,0,0],
[0,0,0,0,0,0,0,0,0,0,0,0,0,0,0,0,0,0,0,0,0,0,0,0,0,0,0,0,0,0,0,0,0,0,0,0,-115237,-112932,112932,0,0,0,0,0,0,112932,0,2304.74,0,0,0,0,0,0,0,0,0,0,0,0,0,0,0,-122151,-112932,115237,0,0,0,0,0,0,-4609.48,-117542,244303,0,0,0,0,0,0,2.55878e-11,-2.60995e-11,110628,0,0,0,0,0,0,0,0,0,0,2.55878e-11,2304.74,0,0,0,0,0,0,0,-115237,0,0,0,0],
[0,4.5453e-28,0,0,0,0,0,0,0,0,0,0,0,0,0,0,0,0,0,0,0,0,0,0,0,0,0,0,0,0,0,0,0,0,0,0,0,0,0,-56466.2,0,0,0,-1152.37,-1152.37,0,0,0,0,0,0,0,-1152.37,-1152.37,0,0,0,0,0,0,0,0,0,0,0,0,1152.37,-1152.37,112932,1152.37,-57618.6,56466.2,0,0,0,125608,-57618.6,-58770.9,0,0,0,-2304.74,0,-58770.9,0,0,0,0,0,0,0,0,0,0,0,0,0,0,0,0,0,0,0,0,0,0,0,0],
[-1152.37,-58770.9,-58770.9,0,0,0,0,0,0,0,0,0,0,0,0,0,0,0,0,0,0,0,0,0,0,0,0,0,0,0,0,0,0,0,0,0,0,0,0,-1.22812e-11,-53009.1,55313.8,-1152.37,-56466.2,-1152.37,0,0,0,-57618.6,56466.2,0,4.5453e-28,-58770.9,0,0,0,0,0,0,0,0,0,0,0,0,0,-3457.11,2304.74,-56466.2,55313.8,1152.37,0,0,0,0,-57618.6,304226,-6914.23,0,0,0,-1152.37,-115237,112932,0,0,0,0,0,0,0,0,0,0,0,0,0,0,0,0,0,0,0,0,0,0,0,0],
[-1152.37,0,1152.37,0,0,0,0,0,0,0,0,0,0,0,0,0,0,0,0,0,0,0,0,0,0,0,0,0,0,0,0,0,0,0,0,0,0,0,0,53009.1,-59923.3,-57618.6,1152.37,56466.2,2304.74,0,0,0,0,56466.2,-56466.2,0,-58770.9,1152.37,0,0,0,0,0,0,0,0,0,0,0,0,56466.2,0,-56466.2,-116389,112932,-112932,0,0,0,-58770.9,-6914.23,245455,0,0,0,-2304.74,0,1152.37,0,0,0,0,0,0,0,0,0,0,0,0,0,0,0,0,0,0,0,0,0,0,0,0],
[0,0,0,-57618.6,-3457.11,-115237,0,0,0,-112932,56466.2,0,0,0,0,-1152.37,-2304.74,-57618.6,0,0,0,1152.37,112932,-57618.6,0,0,0,0,0,0,0,0,0,0,0,0,0,0,0,0,0,0,0,0,0,0,0,0,0,0,0,0,0,0,1152.37,-6.68159e-26,0,0,0,0,0,0,0,0,0,0,0,0,0,0,0,0,0,0,0,0,0,0,359540,338797,-114085,0,0,0,-55313.8,-57618.6,-1.2538e-11,0,0,0,0,0,0,0,0,0,-57618.6,1.27939e-13,-61075.7,-58770.9,6.68159e-26,-57618.6,0,0,0,0,0,0],
[0,0,0,-56466.2,-3457.11,-114085,0,0,0,-115237,56466.2,1.27939e-13,0,0,0,-2.27265e-26,-2.45624e-11,-56466.2,0,0,0,6.26901e-12,112932,-55313.8,0,0,0,0,0,0,0,0,0,0,0,0,0,0,0,0,0,0,0,0,0,0,0,0,0,0,0,0,0,0,112932,112932,6.68159e-26,0,0,0,0,0,0,0,0,0,0,0,0,0,0,0,0,0,0,0,0,0,338797,475929,-176313,0,0,0,-116389,-58770.9,-1152.37,0,0,0,0,0,0,0,0,0,-57618.6,-55313.8,-56466.2,-58770.9,-112932,-115237,0,0,0,0,0,0],
[0,0,0,-1152.37,-56466.2,1152.37,0,0,0,6.52488e-12,-1152.37,1152.37,0,0,0,-1152.37,-56466.2,56466.2,0,0,0,0,-6.26901e-12,6.14107e-12,0,0,0,0,0,0,0,0,0,0,0,0,0,0,0,0,0,0,0,0,0,0,0,0,0,0,0,0,0,0,-57618.6,-55313.8,-6.54524e-26,0,0,0,0,0,0,0,0,0,0,0,0,0,0,0,0,0,0,0,0,0,-114085,-176313,184379,0,0,0,54161.4,0,-2304.74,0,0,0,0,0,0,0,0,0,55313.8,-1.36359e-27,57618.6,-1152.37,56466.2,56466.2,0,0,0,0,0,0],
[2.55858e-13,-38412.4,0,0,0,0,0,0,0,0,0,0,0,0,0,0,0,0,0,0,0,0,0,0,0,0,0,0,0,0,0,0,0,0,0,0,-38412.4,-37644.1,-768.247,36875.9,2.55858e-13,1536.49,0,0,0,8.52926e-12,-1.70585e-13,-1.89388e-27,37644.1,-1.89388e-27,-768.247,0,0,0,0,0,0,0,0,0,0,0,0,-39180.6,-39180.6,-768.247,1536.49,37644.1,-4.5453e-26,0,0,0,-1536.49,768.247,8.52926e-12,-1536.49,-768.247,-1536.49,0,0,0,129066,-42253.6,-39948.9,0,0,0,0,0,0,0,0,0,0,0,0,0,0,0,0,0,0,37644.1,-8.18745e-12,9.09061e-28,0,0,0],
[0,37644.1,37644.1,0,0,0,0,0,0,0,0,0,0,0,0,0,0,0,0,0,0,0,0,0,0,0,0,0,0,0,0,0,0,0,0,0,-2304.74,-2304.74,-37644.1,-76056.5,38412.4,-1536.49,0,0,0,1536.49,-768.247,-38412.4,0,1.89388e-27,-76824.7,0,0,0,0,0,0,0,0,0,0,0,0,1.93175e-27,-75288.2,37644.1,-768.247,2304.74,2.55858e-13,0,0,0,2304.74,36875.9,-8.69984e-12,0,-76824.7,0,0,0,0,-42253.6,243534,-5377.73,0,0,0,0,0,0,0,0,0,0,0,0,0,0,0,0,0,0,-1.89388e-27,1.89388e-27,-1536.49,0,0,0],
[0,0,-37644.1,0,0,0,0,0,0,0,0,0,0,0,0,0,0,0,0,0,0,0,0,0,0,0,0,0,0,0,0,0,0,0,0,0,-76824.7,-76056.5,768.247,37644.1,36875.9,-1536.49,0,0,0,-768.247,0,0,-8.52926e-14,-1536.49,1536.49,0,0,0,0,0,0,0,0,0,0,0,0,-38412.4,-76824.7,37644.1,74520,-77593,-37644.1,0,0,0,-768.247,37644.1,36875.9,-39180.6,75288.2,768.247,0,0,0,-39948.9,-5377.73,246607,0,0,0,0,0,0,0,0,0,0,0,0,0,0,0,0,0,0,-768.247,-76824.7,1536.49,0,0,0],
[0,0,0,36875.9,-76056.5,37644.1,-37644.1,-1.42001e-11,35339.4,-36875.9,0,-40717.1,-75288.2,37644.1,-38412.4,0,0,0,0,0,0,0,0,0,0,0,0,0,0,0,0,0,0,0,0,0,0,0,0,0,0,0,0,0,0,0,0,0,0,0,0,0,0,0,-75288.2,-76824.7,-4.63621e-26,-36875.9,37644.1,4.4544e-26,0,0,0,0,0,0,0,0,0,0,0,0,0,0,0,0,0,0,-36875.9,-77593,36107.6,0,0,0,400257,-122151,-39180.6,768.247,-2304.74,37644.1,768.247,75288.2,-39180.6,0,0,0,0,0,0,1536.49,-768.247,74520,0,0,0,0,0,0],
[0,0,0,1.27929e-13,38412.4,36875.9,4.26463e-12,-35339.4,-39948.9,37644.1,-37644.1,-768.247,37644.1,-36875.9,36875.9,0,0,0,0,0,0,0,0,0,0,0,0,0,0,0,0,0,0,0,0,0,0,0,0,0,0,0,0,0,0,0,0,0,0,0,0,0,0,0,37644.1,37644.1,-768.247,0,-37644.1,0,0,0,0,0,0,0,0,0,0,0,0,0,0,0,0,0,0,0,-38412.4,-39180.6,0,0,0,0,-122151,168246,-3072.99,-768.247,1536.49,-9.09061e-28,-1536.49,0,-768.247,0,0,0,0,0,0,37644.1,2304.74,-77593,0,0,0,0,0,0],
[0,0,0,1536.49,-1536.49,-1536.49,-4.26463e-12,36875.9,-38412.4,1.70585e-13,-4.34992e-12,-768.247,37644.1,4.26463e-12,-8.52926e-14,0,0,0,0,0,0,0,0,0,0,0,0,0,0,0,0,0,0,0,0,0,0,0,0,0,0,0,0,0,0,0,0,0,0,0,0,0,0,0,0,0,768.247,-40717.1,-768.247,-768.247,0,0,0,0,0,0,0,0,0,0,0,0,0,0,0,0,0,0,-8.35867e-12,-768.247,-1536.49,0,0,0,-39180.6,-3072.99,126761,75288.2,-37644.1,-37644.1,0,-75288.2,38412.4,0,0,0,0,0,0,4.26463e-12,0,-37644.1,0,0,0,0,0,0],
[768.247,36875.9,-77593,0,0,0,-2.55858e-13,0,0,0,0,0,0,0,0,0,0,0,0,0,0,0,0,0,0,0,0,-8.52926e-14,-768.247,768.247,0,0,0,0,0,0,0,0,0,0,0,0,0,0,0,0,0,0,0,0,0,0,0,0,0,0,0,-37644.1,1.70585e-13,4.4544e-26,-2.55878e-13,-768.247,-768.247,0,0,0,-75288.2,37644.1,37644.1,-8.52926e-14,-39948.9,-1536.49,0,0,0,0,0,0,0,0,0,0,0,0,768.247,-768.247,75288.2,164405,-76056.5,-1536.49,768.247,-38412.4,37644.1,0,0,0,0,0,0,-768.247,-1536.49,-39180.6,0,0,0,0,0,0],
[-38412.4,768.247,75288.2,0,0,0,-39948.9,-39180.6,-39180.6,0,0,0,0,0,0,0,0,0,0,0,0,0,0,0,0,0,0,-768.247,-37644.1,37644.1,0,0,0,0,0,0,0,0,0,0,0,0,0,0,0,0,0,0,0,0,0,0,0,0,0,0,0,0,-35339.4,36875.9,-768.247,-37644.1,-768.247,0,0,0,-768.247,768.247,4.26463e-12,0,-39180.6,-768.247,0,0,0,0,0,0,0,0,0,0,0,0,-2304.74,1536.49,-37644.1,-76056.5,321896,-83739,36875.9,768.247,-8.35867e-12,0,0,0,0,0,0,74520,-76824.7,0,0,0,0,0,0,0],
[37644.1,0,-75288.2,0,0,0,-1536.49,-768.247,1536.49,0,0,0,0,0,0,0,0,0,0,0,0,0,0,0,0,0,0,-768.247,-768.247,1536.49,0,0,0,0,0,0,0,0,0,0,0,0,0,0,0,0,0,0,0,0,0,0,0,0,0,0,0,35339.4,-39948.9,-38412.4,768.247,37644.1,1536.49,0,0,0,-38412.4,74520,-37644.1,-8.52926e-12,-39180.6,1536.49,0,0,0,0,0,0,0,0,0,0,0,0,37644.1,-9.09061e-28,-37644.1,-1536.49,-83739,245839,-77593,75288.2,-75288.2,0,0,0,0,0,0,-40717.1,-768.247,39180.6,0,0,0,0,0,0],
[0,0,0,0,0,0,-2.55878e-13,-2304.74,2304.74,0,0,0,-2.55878e-13,0,0,0,0,0,0,0,0,0,0,0,0,0,0,0,0,0,0,0,0,0,0,0,0,0,0,0,0,0,0,0,0,0,0,0,0,0,0,0,0,0,0,0,0,-225865,112932,112932,-2.55878e-13,-117542,-2304.74,0,0,0,0,0,0,0,0,0,0,0,0,0,0,0,0,0,0,0,0,0,2304.74,-4609.48,0,2304.74,110628,-232779,241998,-112932,112932,0,0,0,0,0,0,0,0,0,0,0,0,0,0,0],
[0,0,0,0,0,0,-2304.74,-112932,112932,0,0,0,-117542,-1.30498e-11,0,0,0,0,0,0,0,0,0,0,0,0,0,0,0,0,0,0,0,0,0,0,0,0,0,0,0,0,0,0,0,0,0,0,0,0,0,0,0,0,0,0,0,112932,-110628,1.27939e-11,0,-1.35615e-11,-2304.74,0,0,0,0,0,0,0,0,0,0,0,0,0,0,0,0,0,0,0,0,0,225865,0,-225865,-115237,2304.74,225865,-112932,357235,-237388,0,0,0,0,0,0,0,0,0,0,0,0,0,0,0],
[0,0,0,0,0,0,-2304.74,-2304.74,4609.48,0,0,0,-2304.74,-2304.74,2304.74,0,0,0,0,0,0,0,0,0,0,0,0,0,0,0,0,0,0,0,0,0,0,0,0,0,0,0,0,0,0,0,0,0,0,0,0,0,0,0,0,0,0,-115237,110628,-2.63554e-11,0,2.55878e-11,2304.74,0,0,0,0,0,0,0,0,0,0,0,0,0,0,0,0,0,0,0,0,0,-117542,-2304.74,115237,112932,-2.5076e-11,-225865,112932,-237388,246607,0,0,0,0,0,0,0,0,0,0,0,0,0,0,0],
[0,0,0,0,0,0,0,0,0,0,0,0,0,0,0,0,0,0,-1.20263e-11,4609.48,-2304.74,0,0,0,0,-112932,112932,0,0,0,0,0,0,0,0,0,0,0,0,0,0,0,0,0,0,0,0,0,0,0,0,0,0,0,0,0,0,0,0,0,0,0,0,-2304.74,0,-2304.74,0,0,0,0,0,0,0,0,0,0,0,0,0,0,0,0,0,0,0,0,0,0,0,0,0,0,0,131370,-4609.48,-4609.48,-115237,-115237,110628,0,0,0,-4609.48,6914.23,-2304.74,0,0,0],
[0,0,0,0,0,0,0,0,0,0,0,0,0,0,0,0,0,0,-5.11756e-13,-2304.74,0,0,0,0,0,0,0,0,0,0,0,0,0,0,0,0,0,0,0,0,0,0,0,0,0,0,0,0,0,0,0,0,0,0,0,0,0,0,0,0,0,0,0,-4609.48,0,-112932,0,0,0,0,0,0,-112932,0,2.55878e-11,0,0,0,0,0,0,0,0,0,0,0,0,0,0,0,0,0,0,-4609.48,239693,-117542,2.55878e-13,-110628,0,0,0,0,2304.74,110628,112932,0,0,0],
[0,0,0,0,0,0,0,0,0,0,0,0,0,0,0,0,0,0,2.84081e-27,-115237,0,0,0,0,0,2.55878e-11,2304.74,0,0,0,0,0,0,0,0,0,0,0,0,0,0,0,0,0,0,0,0,0,0,0,0,0,0,0,0,0,0,0,0,0,0,0,0,-115237,-112932,112932,0,0,0,0,0,0,112932,0,2304.74,0,0,0,0,0,0,0,0,0,0,0,0,0,0,0,0,0,0,-4609.48,-117542,244303,-122151,-112932,115237,0,0,0,-1.27939e-11,7.67633e-13,110628,0,0,0],
[0,0,0,-75288.2,39180.6,-768.247,0,0,0,0,0,0,0,0,0,768.247,37644.1,-768.247,-38412.4,-2304.74,-76824.7,0,0,0,-768.247,-1536.49,-38412.4,0,0,0,0,0,0,0,0,0,0,0,0,0,0,0,0,0,0,0,0,0,0,0,0,0,0,0,-768.247,-1.5151e-26,-768.247,0,0,0,0,0,0,768.247,0,0,0,0,0,0,0,0,0,0,0,0,0,0,-38412.4,-38412.4,36875.9,0,0,0,0,0,0,0,0,0,0,0,0,-38412.4,8.52926e-14,-40717.1,283483,224328,-77593,-38412.4,-36107.6,-768.247,-39180.6,1.93175e-27,-38412.4,0,0,0],
[0,0,0,-76824.7,36875.9,0,0,0,0,0,0,0,0,0,0,0,75288.2,-36875.9,-37644.1,-2304.74,-76056.5,0,0,0,0,0,-37644.1,0,0,0,0,0,0,0,0,0,0,0,0,0,0,0,0,0,0,0,0,0,0,0,0,0,0,0,-1536.49,0,-37644.1,0,0,0,0,0,0,37644.1,75288.2,4.4544e-26,0,0,0,0,0,0,0,0,0,0,0,0,8.52926e-14,-36875.9,-9.09061e-28,0,0,0,0,0,0,0,0,0,0,0,0,-38412.4,-36875.9,-37644.1,224328,397184,-156722,-76824.7,-2304.74,36875.9,-39180.6,-75288.2,-76824.7,0,0,0],
[0,0,0,4.34992e-12,-39180.6,768.247,0,0,0,0,0,0,0,0,0,0,-4.17934e-12,768.247,-768.247,-37644.1,768.247,0,0,0,-768.247,-37644.1,37644.1,0,0,0,0,0,0,0,0,0,0,0,0,0,0,0,0,0,0,0,0,0,0,0,0,0,0,0,-38412.4,-37644.1,37644.1,0,0,0,0,0,0,-768.247,-36875.9,768.247,0,0,0,0,0,0,0,0,0,0,0,0,-40717.1,-37644.1,38412.4,0,0,0,0,0,0,0,0,0,0,0,0,36875.9,0,38412.4,-77593,-156722,204354,36107.6,2.55878e-13,35339.4,-768.247,37644.1,37644.1,0,0,0],
[384.124,-1152.37,18822.1,384.124,8.18745e-12,-20358.6,-37644.1,-384.124,-19206.2,0,0,0,0,0,0,0,0,0,18437.9,-38028.2,18822.1,0,0,0,0,0,0,-18822.1,-4.09373e-12,17669.7,0,0,0,0,0,0,0,0,0,0,0,0,0,0,0,0,0,0,0,0,0,0,0,0,-19206.2,-18822.1,-384.124,18437.9,1.27929e-13,768.247,0,0,0,-37644.1,-38412.4,-2.3181e-26,384.124,18822.1,-384.124,0,0,0,0,0,0,0,0,0,-19590.3,-19590.3,-384.124,0,0,0,768.247,18822.1,2.13231e-12,-384.124,37260,-20358.6,0,0,0,0,0,0,-19206.2,-38412.4,18053.8,264661,-82202.5,-39564.7,768.247,-384.124,37260,0,0,0],
[-384.124,768.247,0,18822.1,-18822.1,-1152.37,18822.1,384.124,37260,0,0,0,0,0,0,0,0,0,-1.27929e-13,19206.2,18437.9,0,0,0,0,0,0,0,-17669.7,-19974.4,0,0,0,0,0,0,0,0,0,0,0,0,0,0,0,0,0,0,0,0,0,0,0,0,-1152.37,-1152.37,-18822.1,-38028.2,19206.2,-768.247,0,0,0,19590.3,18437.9,-19590.3,-4.09373e-12,-18822.1,-38412.4,0,0,0,0,0,0,0,0,0,2.2272e-26,-37644.1,18822.1,0,0,0,-384.124,1152.37,0,-768.247,-38412.4,-384.124,0,0,0,0,0,0,-18053.8,-1152.37,1.27939e-13,-82202.5,205890,-4225.36,18822.1,1152.37,-38796.5,0,0,0],
[37644.1,-18822.1,-18822.1,-384.124,-38412.4,384.124,18822.1,-1.96141e-12,-18822.1,0,0,0,0,0,0,0,0,0,768.247,-768.247,-768.247,0,0,0,0,0,0,0,18437.9,-19206.2,0,0,0,0,0,0,0,0,0,0,0,0,0,0,0,0,0,0,0,0,0,0,0,0,-38412.4,-38028.2,384.124,18822.1,18437.9,-768.247,0,0,0,-384.124,0,384.124,-20358.6,-1152.37,384.124,0,0,0,0,0,0,0,0,0,-19206.2,-38412.4,18822.1,0,0,0,37260,-38796.5,-18822.1,-19590.3,0,19590.3,0,0,0,0,0,0,-384.124,18437.9,17669.7,-39564.7,-4225.36,186684,-2.27265e-26,0,-18822.1,0,0,0],
[-1536.49,-768.247,-1536.49,0,0,0,0,0,0,0,0,0,0,0,0,0,0,0,37644.1,-3.92282e-12,9.09061e-28,0,0,0,0,0,0,2.55858e-13,-38412.4,0,0,0,0,0,0,0,0,0,0,0,0,0,0,0,0,0,0,0,0,0,0,0,0,0,0,0,0,0,0,0,0,0,0,-38412.4,-37644.1,-768.247,36875.9,0,1536.49,0,0,0,1.70585e-13,-1.70585e-13,0,0,0,0,0,0,0,37644.1,-1.89388e-27,-768.247,0,0,0,0,0,0,0,0,0,-1536.49,768.247,-4.26463e-12,-39180.6,-39180.6,-768.247,1536.49,37644.1,-4.5453e-26,129066,-42253.6,-39948.9,0,0,0],
[0,-76824.7,0,0,0,0,0,0,0,0,0,0,0,0,0,0,0,0,-1.89388e-27,1.89388e-27,-1536.49,0,0,0,0,0,0,0,37644.1,37644.1,0,0,0,0,0,0,0,0,0,0,0,0,0,0,0,0,0,0,0,0,0,0,0,0,0,0,0,0,0,0,0,0,0,-2304.74,-2304.74,-37644.1,-76056.5,38412.4,-1536.49,0,0,0,1536.49,-768.247,-38412.4,0,0,0,0,0,0,-8.18745e-12,1.89388e-27,-76824.7,0,0,0,0,0,0,0,0,0,2304.74,36875.9,2.55878e-13,1.93175e-27,-75288.2,37644.1,-768.247,2304.74,0,-42253.6,243534,-5377.73,0,0,0],
[-39180.6,75288.2,768.247,0,0,0,0,0,0,0,0,0,0,0,0,0,0,0,-768.247,-76824.7,1536.49,0,0,0,0,0,0,0,-8.18745e-12,-37644.1,0,0,0,0,0,0,0,0,0,0,0,0,0,0,0,0,0,0,0,0,0,0,0,0,0,0,0,0,0,0,0,0,0,-76824.7,-76056.5,768.247,37644.1,36875.9,-1536.49,0,0,0,-768.247,0,0,0,0,0,0,0,0,9.09061e-28,-1536.49,1536.49,0,0,0,0,0,0,0,0,0,-768.247,37644.1,36875.9,-38412.4,-76824.7,37644.1,74520,-77593,-37644.1,-39948.9,-5377.73,246607,0,0,0],
[0,0,0,0,0,0,0,0,0,0,0,0,0,0,0,0,0,0,0,0,0,0,0,0,0,0,0,0,0,0,-73751.8,-76824.7,3.34347e-11,0,0,0,-78361.2,-3.4117e-13,-79897.7,-78361.2,0,-75288.2,0,0,0,0,0,0,0,0,0,0,0,0,1536.49,150576,-76824.7,-150576,75288.2,0,0,0,0,-1536.49,-3072.99,-76824.7,-76824.7,-4609.48,-153649,0,0,0,0,0,0,0,0,0,0,0,0,0,0,0,0,0,0,0,0,0,0,0,0,0,0,0,0,0,0,0,0,0,0,0,0,476313,451729,-149040],
[0,0,0,0,0,0,0,0,0,0,0,0,0,0,0,0,0,0,0,0,0,0,0,0,0,0,0,0,0,0,-78361.2,-79897.7,3.4117e-11,0,0,0,-76824.7,1536.49,-75288.2,-78361.2,0,-75288.2,0,0,0,0,0,0,0,0,0,0,0,0,-8.90879e-26,150576,-73751.8,-153649,75288.2,-3.4117e-13,0,0,0,-3.0302e-26,1.63749e-11,-75288.2,-75288.2,-4609.48,-152113,0,0,0,0,0,0,0,0,0,0,0,0,0,0,0,0,0,0,0,0,0,0,0,0,0,0,0,0,0,0,0,0,0,0,0,0,451729,476313,-156722],
[0,0,0,0,0,0,0,0,0,0,0,0,0,0,0,0,0,0,0,0,0,0,0,0,0,0,0,0,0,0,-3072.99,0,-3072.99,0,0,0,75288.2,0,75288.2,1.73997e-11,0,75288.2,0,0,0,0,0,0,0,0,0,0,0,0,0,8.90879e-26,-8.72698e-26,-9.27242e-26,-1536.49,1536.49,0,0,0,-1536.49,-75288.2,75288.2,-1536.49,-75288.2,1536.49,0,0,0,0,0,0,0,0,0,0,0,0,0,0,0,0,0,0,0,0,0,0,0,0,0,0,0,0,0,0,0,0,0,0,0,0,-149040,-156722,162868]])





np.array([[400257,-122151,-39180.6,768.247,75288.2,-39180.6,0,0,0,0,0,0,0,0,0,-36875.9,-77593,36107.6,1536.49,-768.247,74520,-36875.9,37644.1,5.9392e-26,0,0,0,0,0,0,0,0,0,0,0,0,0,0,0,0,0,0,0,0,0,768.247,-2304.74,37644.1,-75288.2,-76824.7,-4.63621e-26,0,0,0,0,0,0,0,0,0,0,0,0,0,0,0,0,0,0,0,0,0,0,0,0,-75288.2,37644.1,-38412.4,36875.9,-76056.5,37644.1,-37644.1,0,35339.4,0,0,0,0,0,0,0,0,0,0,0,0,0,0,0,-36875.9,0,-40717.1,0,0,0,0,0,0],
[-122151,168246,-3072.99,-1536.49,0,-768.247,0,0,0,0,0,0,0,0,0,-38412.4,-39180.6,0,37644.1,2304.74,-77593,0,-37644.1,0,0,0,0,0,0,0,0,0,0,0,0,0,0,0,0,0,0,0,0,0,0,-768.247,1536.49,-1.21208e-27,37644.1,37644.1,-768.247,0,0,0,0,0,0,0,0,0,0,0,0,0,0,0,0,0,0,0,0,0,0,0,0,37644.1,-36875.9,36875.9,0,38412.4,36875.9,-6.0604e-26,-35339.4,-39948.9,0,0,0,0,0,0,0,0,0,0,0,0,0,0,0,37644.1,-37644.1,-768.247,0,0,0,0,0,0],
[-39180.6,-3072.99,126761,0,-75288.2,38412.4,0,0,0,0,0,0,0,0,0,9.09061e-28,-768.247,-1536.49,0,0,-37644.1,-40717.1,-768.247,-768.247,0,0,0,0,0,0,0,0,0,0,0,0,0,0,0,0,0,0,0,0,0,75288.2,-37644.1,-37644.1,0,0,768.247,0,0,0,0,0,0,0,0,0,0,0,0,0,0,0,0,0,0,0,0,0,0,0,0,37644.1,4.26463e-12,-8.52926e-14,1536.49,-1536.49,-1536.49,5.9392e-26,36875.9,-38412.4,0,0,0,0,0,0,0,0,0,0,0,0,0,0,0,5.9392e-26,0,-768.247,0,0,0,0,0,0],
[2304.74,-4609.48,0,241998,-112932,112932,0,0,0,0,0,0,0,0,0,0,0,0,0,0,0,-225865,112932,112932,0,0,0,0,0,0,0,0,0,0,-117542,-2304.74,0,0,0,0,0,0,0,0,0,2304.74,110628,-232779,0,0,0,0,0,0,0,0,0,0,0,0,0,0,0,0,0,0,0,0,0,0,0,0,0,0,0,-2.55878e-13,0,0,0,0,0,-2.55878e-13,-2304.74,2304.74,0,0,0,0,0,0,0,0,0,0,0,0,0,0,0,0,0,0,0,0,0,0,0,0],
[225865,0,-225865,-112932,357235,-237388,0,0,0,0,0,0,0,0,0,0,0,0,0,0,0,112932,-110628,0,0,0,0,0,0,0,0,0,0,0,0,-2304.74,0,0,0,0,0,0,0,0,0,-115237,2304.74,225865,0,0,0,0,0,0,0,0,0,0,0,0,0,0,0,0,0,0,0,0,0,0,0,0,0,0,0,-117542,-1.30498e-11,0,0,0,0,-2304.74,-112932,112932,0,0,0,0,0,0,0,0,0,0,0,0,0,0,0,0,0,0,0,0,0,0,0,0],
[-117542,-2304.74,115237,112932,-237388,246607,0,0,0,0,0,0,0,0,0,0,0,0,0,0,0,-115237,110628,0,0,0,0,0,0,0,0,0,0,0,0,2304.74,0,0,0,0,0,0,0,0,0,112932,-6.81795e-26,-225865,0,0,0,0,0,0,0,0,0,0,0,0,0,0,0,0,0,0,0,0,0,0,0,0,0,0,0,-2304.74,-2304.74,2304.74,0,0,0,-2304.74,-2304.74,4609.48,0,0,0,0,0,0,0,0,0,0,0,0,0,0,0,0,0,0,0,0,0,0,0,0],
[0,0,0,0,0,0,125608,-57618.6,-58770.9,-56466.2,0,0,0,-1152.37,-1152.37,0,0,0,1152.37,-1152.37,112932,0,0,0,0,0,0,-2304.74,0,-58770.9,0,0,0,0,0,0,0,0,0,0,0,0,0,0,0,1152.37,-57618.6,56466.2,0,0,0,0,0,0,0,-1152.37,-1152.37,0,0,0,0,0,0,0,0,0,0,0,0,0,0,0,0,0,0,0,0,0,0,0,0,0,0,0,0,6.81795e-28,0,0,0,0,0,0,0,0,0,0,0,0,0,0,0,0,0,0,0,0,0,0],
[0,0,0,0,0,0,-57618.6,304226,-6914.23,-9.01899e-12,-53009.1,55313.8,-1152.37,-56466.2,-1152.37,0,0,0,-3457.11,2304.74,-56466.2,0,0,0,0,0,0,-1152.37,-115237,112932,0,0,0,0,0,0,0,0,0,0,0,0,-57618.6,56466.2,0,55313.8,1152.37,0,0,0,0,0,0,0,6.81795e-28,-58770.9,0,0,0,0,0,0,0,0,0,0,0,0,0,0,0,0,0,0,0,0,0,0,0,0,0,0,0,0,-1152.37,-58770.9,-58770.9,0,0,0,0,0,0,0,0,0,0,0,0,0,0,0,0,0,0,0,0,0],
[0,0,0,0,0,0,-58770.9,-6914.23,245455,53009.1,-59923.3,-57618.6,1152.37,56466.2,2304.74,0,0,0,56466.2,0,-56466.2,0,0,0,0,0,0,-2304.74,0,1152.37,0,0,0,0,0,0,0,0,0,0,0,0,0,56466.2,-56466.2,-116389,112932,-112932,0,0,0,0,0,0,0,-58770.9,1152.37,0,0,0,0,0,0,0,0,0,0,0,0,0,0,0,0,0,0,0,0,0,0,0,0,0,0,0,-1152.37,0,1152.37,0,0,0,0,0,0,0,0,0,0,0,0,0,0,0,0,0,0,0,0,0],
[0,0,0,0,0,0,-37644.1,-6.01266e-12,35339.4,362613,-82202.5,-116005,2.55858e-13,75288.2,-39180.6,0,0,0,768.247,-1.67167e-11,-40717.1,768.247,37644.1,0,0,0,0,36875.9,-76056.5,37644.1,0,0,0,0,0,0,-37644.1,-38412.4,-1536.49,0,0,0,768.247,-38412.4,75288.2,-75288.2,-768.247,-38412.4,-39180.6,-39180.6,8.69984e-12,0,0,0,-37644.1,37644.1,37644.1,0,0,0,0,0,0,0,0,0,0,0,0,0,0,0,0,0,0,0,0,0,0,0,0,0,0,0,0,0,0,0,0,0,0,0,0,0,0,0,0,0,0,0,0,0,0,0,0,0,0,0],
[0,0,0,0,0,0,0,-35339.4,-39948.9,-82202.5,167478,-42253.6,-1536.49,-37644.1,-768.247,0,0,0,37644.1,-37644.1,-2304.74,-38412.4,1536.49,768.247,0,0,0,0,38412.4,36875.9,0,0,0,0,0,0,-37644.1,-40717.1,-1.70585e-13,0,0,0,37644.1,1536.49,-39180.6,37644.1,768.247,74520,0,0,0,0,0,0,0,768.247,0,0,0,0,0,0,0,0,0,0,0,0,0,0,0,0,0,0,0,0,0,0,0,0,0,0,0,0,0,0,0,0,0,0,0,0,0,0,0,0,0,0,0,0,0,0,0,0,0,0,0,0],
[0,0,0,0,0,0,0,36875.9,-38412.4,-116005,-42253.6,204354,-2.27265e-26,-37644.1,37644.1,0,0,0,-768.247,-76824.7,768.247,75288.2,-39180.6,-768.247,0,0,0,1536.49,-1536.49,-1536.49,0,0,0,0,0,0,5.9392e-26,6.0604e-26,36107.6,0,0,0,-6.0604e-26,768.247,-768.247,37644.1,0,-37644.1,-37644.1,-37644.1,37644.1,0,0,0,37644.1,768.247,-38412.4,0,0,0,0,0,0,0,0,0,0,0,0,0,0,0,0,0,0,0,0,0,0,0,0,0,0,0,0,0,0,0,0,0,0,0,0,0,0,0,0,0,0,0,0,0,0,0,0,0,0,0],
[0,0,0,0,0,0,0,-2304.74,2304.74,7.67574e-13,-4609.48,-6.81795e-26,126761,-2304.74,-115237,0,0,0,0,0,0,-112932,0,112932,0,0,0,0,0,0,0,0,0,0,-115237,112932,0,0,0,0,0,0,0,0,0,0,0,0,0,0,0,0,0,0,-6.95431e-26,-2304.74,6.95431e-26,0,0,0,0,0,0,0,0,0,0,0,0,0,0,0,0,0,0,0,0,0,0,0,0,0,0,0,0,0,0,0,0,0,0,0,0,0,0,0,0,0,0,0,0,0,0,0,0,0,0,0],
[0,0,0,0,0,0,-2304.74,-112932,112932,225865,-112932,-112932,-2304.74,361845,-119847,0,0,0,0,0,0,112932,2304.74,2304.74,0,0,0,0,0,0,0,0,0,-2304.74,2304.74,-6.81795e-26,0,0,0,0,0,0,0,0,0,-119847,-117542,-117542,0,0,0,0,0,0,-115237,2304.74,112932,0,0,0,0,0,0,0,0,0,0,0,0,0,0,0,0,0,0,0,0,0,0,0,0,0,0,0,0,0,0,0,0,0,0,0,0,0,0,0,0,0,0,0,0,0,0,0,0,0,0,0],
[0,0,0,0,0,0,-2304.74,-2304.74,4609.48,-117542,-2304.74,112932,-115237,-119847,246607,0,0,0,0,0,0,112932,0,-115237,0,0,0,0,0,0,0,0,0,0,112932,-112932,0,0,0,0,0,0,0,0,0,-4609.48,-2304.74,4609.48,0,0,0,0,0,0,112932,0,-112932,0,0,0,0,0,0,0,0,0,0,0,0,0,0,0,0,0,0,0,0,0,0,0,0,0,0,0,0,0,0,0,0,0,0,0,0,0,0,0,0,0,0,0,0,0,0,0,0,0,0,0],
[-55313.8,-57618.6,1.36359e-27,0,0,0,0,0,0,0,0,0,0,0,0,359540,338797,-114085,-58770.9,8.90879e-26,-57618.6,0,0,0,-57618.6,9.09061e-26,-61075.7,0,0,0,1152.37,112932,-57618.6,0,0,0,0,0,0,0,0,0,0,0,0,0,0,0,1152.37,-8.90879e-26,0,0,0,0,0,0,0,0,0,0,0,0,0,0,0,0,0,0,0,0,0,0,0,0,0,0,0,0,-57618.6,-3457.11,-115237,0,0,0,0,0,0,0,0,0,-1152.37,-2304.74,-57618.6,0,0,0,0,0,0,-112932,56466.2,0,0,0,0,0,0,0],
[-116389,-58770.9,-1152.37,0,0,0,0,0,0,0,0,0,0,0,0,338797,475929,-176313,-58770.9,-112932,-115237,0,0,0,-57618.6,-55313.8,-56466.2,0,0,0,-8.90879e-26,112932,-55313.8,0,0,0,0,0,0,0,0,0,0,0,0,0,0,0,112932,112932,6.68159e-26,0,0,0,0,0,0,0,0,0,0,0,0,0,0,0,0,0,0,0,0,0,0,0,0,0,0,0,-56466.2,-3457.11,-114085,0,0,0,0,0,0,0,0,0,-3.40898e-26,0,-56466.2,0,0,0,0,0,0,-115237,56466.2,0,0,0,0,0,0,0],
[54161.4,0,-2304.74,0,0,0,0,0,0,0,0,0,0,0,0,-114085,-176313,184379,-1152.37,56466.2,56466.2,0,0,0,55313.8,-1.81812e-27,57618.6,0,0,0,0,6.68159e-26,-6.49978e-26,0,0,0,0,0,0,0,0,0,0,0,0,0,0,0,-57618.6,-55313.8,-6.49978e-26,0,0,0,0,0,0,0,0,0,0,0,0,0,0,0,0,0,0,0,0,0,0,0,0,0,0,0,-1152.37,-56466.2,1152.37,0,0,0,0,0,0,0,0,0,-1152.37,-56466.2,56466.2,0,0,0,0,0,0,-6.95431e-26,-1152.37,1152.37,0,0,0,0,0,0],
[768.247,18822.1,0,0,0,0,384.124,-1152.37,18822.1,384.124,18822.1,-384.124,0,0,0,-19590.3,-19590.3,-384.124,264661,-82202.5,-39564.7,18437.9,0,768.247,-19206.2,-38412.4,18053.8,768.247,-384.124,37260,0,0,0,0,0,0,-37644.1,-38412.4,-2.3181e-26,0,0,0,0,0,0,-384.124,37260,-20358.6,-19206.2,-18822.1,-384.124,0,0,0,0,0,0,0,0,0,0,0,0,18437.9,-38028.2,18822.1,0,0,0,0,0,0,0,0,0,0,0,0,384.124,-4.09373e-12,-20358.6,-37644.1,-384.124,-19206.2,-18822.1,0,17669.7,0,0,0,0,0,0,0,0,0,0,0,0,0,0,0,0,0,0,0,0,0],
[-384.124,1152.37,0,0,0,0,-384.124,768.247,0,-8.35836e-12,-18822.1,-38412.4,0,0,0,2.9696e-26,-37644.1,18822.1,-82202.5,205890,-4225.36,-38028.2,19206.2,-768.247,-18053.8,-1152.37,-4.34992e-12,18822.1,1152.37,-38796.5,0,0,0,0,0,0,19590.3,18437.9,-19590.3,0,0,0,0,0,0,-768.247,-38412.4,-384.124,-1152.37,-1152.37,-18822.1,0,0,0,0,0,0,0,0,0,0,0,0,0,19206.2,18437.9,0,0,0,0,0,0,0,0,0,0,0,0,18822.1,-18822.1,-1152.37,18822.1,384.124,37260,0,-17669.7,-19974.4,0,0,0,0,0,0,0,0,0,0,0,0,0,0,0,0,0,0,0,0,0],
[37260,-38796.5,-18822.1,0,0,0,37644.1,-18822.1,-18822.1,-20358.6,-1152.37,384.124,0,0,0,-19206.2,-38412.4,18822.1,-39564.7,-4225.36,186684,18822.1,18437.9,-768.247,-384.124,18437.9,17669.7,-3.0302e-26,0,-18822.1,0,0,0,0,0,0,-384.124,0,384.124,0,0,0,0,0,0,-19590.3,-4.09373e-12,19590.3,-38412.4,-38028.2,384.124,0,0,0,0,0,0,0,0,0,0,0,0,768.247,-768.247,-768.247,0,0,0,0,0,0,0,0,0,0,0,0,-384.124,-38412.4,384.124,18822.1,4.09373e-12,-18822.1,0,18437.9,-19206.2,0,0,0,0,0,0,0,0,0,0,0,0,0,0,0,0,0,0,0,0,0],
[-55313.8,0,-61075.7,-112932,56466.2,-57618.6,0,0,0,1152.37,-57618.6,112932,-56466.2,56466.2,56466.2,0,0,0,55313.8,-114085,56466.2,419463,-120999,-115237,0,0,0,0,0,0,0,0,0,1152.37,112932,-57618.6,0,0,0,0,0,0,0,0,0,-56466.2,-1.22812e-11,53009.1,-55313.8,-58770.9,-2304.74,0,0,0,0,0,0,0,0,0,0,0,0,0,0,0,0,0,0,0,0,0,0,0,0,0,0,0,0,0,0,0,0,0,0,0,0,0,0,0,0,0,0,0,0,0,0,0,0,0,0,0,0,0,0,0,0,0],
[56466.2,-56466.2,-1152.37,56466.2,-55313.8,55313.8,0,0,0,56466.2,2304.74,-58770.9,0,1152.37,0,0,0,0,0,57618.6,55313.8,-120999,187836,-2304.74,0,0,0,0,0,0,0,0,0,-2304.74,0,-1152.37,0,0,0,0,0,0,0,0,0,-9.09061e-26,-53009.1,-59923.3,-57618.6,-59923.3,0,0,0,0,0,0,0,0,0,0,0,0,0,0,0,0,0,0,0,0,0,0,0,0,0,0,0,0,0,0,0,0,0,0,0,0,0,0,0,0,0,0,0,0,0,0,0,0,0,0,0,0,0,0,0,0,0,0],
[8.90879e-26,0,-1152.37,56466.2,0,0,0,0,0,0,1152.37,-1152.37,56466.2,1152.37,-57618.6,0,0,0,2304.74,-2304.74,-2304.74,-115237,-2304.74,125608,0,0,0,0,0,0,0,0,0,0,-112932,56466.2,0,0,0,0,0,0,0,0,0,8.90879e-26,55313.8,-57618.6,0,0,-2304.74,0,0,0,0,0,0,0,0,0,0,0,0,0,0,0,0,0,0,0,0,0,0,0,0,0,0,0,0,0,0,0,0,0,0,0,0,0,0,0,0,0,0,0,0,0,0,0,0,0,0,0,0,0,0,0,0,0],
[0,0,0,0,0,0,0,0,0,0,0,0,0,0,0,-38412.4,-38412.4,36875.9,-38412.4,-36107.6,-768.247,0,0,0,283483,224328,-77593,-39180.6,0,-38412.4,0,0,0,0,0,0,768.247,0,0,-38412.4,0,-40717.1,0,0,0,0,0,0,-768.247,-2.27265e-26,-768.247,0,0,0,0,0,0,0,0,0,0,0,0,-38412.4,-2304.74,-76824.7,0,0,0,0,0,0,0,0,0,0,0,0,-75288.2,39180.6,-768.247,0,0,0,0,0,0,0,0,0,768.247,37644.1,-768.247,-768.247,-1536.49,-38412.4,0,0,0,0,0,0,0,0,0,0,0,0],
[0,0,0,0,0,0,0,0,0,0,0,0,0,0,0,6.0604e-26,-36875.9,-1.21208e-27,-76824.7,-2304.74,36875.9,0,0,0,224328,397184,-156722,-39180.6,-75288.2,-76824.7,0,0,0,0,0,0,37644.1,75288.2,4.4544e-26,-38412.4,-36875.9,-37644.1,0,0,0,0,0,0,-1536.49,0,-37644.1,0,0,0,0,0,0,0,0,0,0,0,0,-37644.1,-2304.74,-76056.5,0,0,0,0,0,0,0,0,0,0,0,0,-76824.7,36875.9,0,0,0,0,0,0,0,0,0,0,0,75288.2,-36875.9,0,0,-37644.1,0,0,0,0,0,0,0,0,0,0,0,0],
[0,0,0,0,0,0,0,0,0,0,0,0,0,0,0,-40717.1,-37644.1,38412.4,36107.6,-8.69984e-12,35339.4,0,0,0,-77593,-156722,204354,-768.247,37644.1,37644.1,0,0,0,0,0,0,-768.247,-36875.9,768.247,36875.9,0,38412.4,0,0,0,0,0,0,-38412.4,-37644.1,37644.1,0,0,0,0,0,0,0,0,0,0,0,0,-768.247,-37644.1,768.247,0,0,0,0,0,0,0,0,0,0,0,0,-4.63621e-26,-39180.6,768.247,0,0,0,0,0,0,0,0,0,0,4.4544e-26,768.247,-768.247,-37644.1,37644.1,0,0,0,0,0,0,0,0,0,0,0,0],
[0,0,0,0,0,0,-1536.49,-768.247,-1536.49,36875.9,0,1536.49,0,0,0,0,0,0,1536.49,37644.1,-6.0604e-26,0,0,0,-39180.6,-39180.6,-768.247,129066,-42253.6,-39948.9,0,0,0,0,0,0,-38412.4,-37644.1,-768.247,-1536.49,768.247,8.52926e-12,37644.1,0,-768.247,0,0,0,0,0,0,8.35867e-12,4.5453e-28,5.0463e-42,0,0,0,0,0,0,0,0,0,37644.1,-8.18745e-12,1.21208e-27,0,0,0,0,0,0,0,0,0,0,0,0,0,0,0,0,0,0,2.55858e-13,-38412.4,0,0,0,0,0,0,0,0,0,0,0,0,0,0,0,0,0,0,0,0,0,0],
[0,0,0,0,0,0,0,-76824.7,0,-76056.5,38412.4,-1536.49,0,0,0,0,0,0,-768.247,2304.74,0,0,0,0,0,-75288.2,37644.1,-42253.6,243534,-5377.73,0,0,0,0,0,0,-2304.74,-2304.74,-37644.1,2304.74,36875.9,-8.69984e-12,-1.67167e-11,0,-76824.7,0,0,0,0,0,0,1536.49,-768.247,-38412.4,0,0,0,0,0,0,0,0,0,0,0,-1536.49,0,0,0,0,0,0,0,0,0,0,0,0,0,0,0,0,0,0,0,37644.1,37644.1,0,0,0,0,0,0,0,0,0,0,0,0,0,0,0,0,0,0,0,0,0],
[0,0,0,0,0,0,-39180.6,75288.2,768.247,37644.1,36875.9,-1536.49,0,0,0,0,0,0,74520,-77593,-37644.1,0,0,0,-38412.4,-76824.7,37644.1,-39948.9,-5377.73,246607,0,0,0,0,0,0,-76824.7,-76056.5,768.247,-768.247,37644.1,36875.9,1.21208e-27,-1536.49,1536.49,0,0,0,0,0,0,-768.247,0,0,0,0,0,0,0,0,0,0,0,-768.247,-76824.7,1536.49,0,0,0,0,0,0,0,0,0,0,0,0,0,0,0,0,0,0,0,0,-37644.1,0,0,0,0,0,0,0,0,0,0,0,0,0,0,0,0,0,0,0,0,0],
[0,0,0,0,0,0,0,0,0,0,0,0,0,0,0,1152.37,-8.90879e-26,0,0,0,0,0,0,0,0,0,0,0,0,0,359540,338797,-114085,0,0,0,0,0,0,0,0,0,0,0,0,0,0,0,0,0,0,0,0,0,0,0,0,0,0,0,0,0,0,0,0,0,0,0,0,0,0,0,-57618.6,-3457.11,-115237,0,0,0,-58770.9,8.90879e-26,-57618.6,0,0,0,0,0,0,0,0,0,-57618.6,1.27939e-13,-61075.7,0,0,0,1152.37,112932,-57618.6,-55313.8,-57618.6,1.36359e-27,-112932,56466.2,0,-1152.37,-2304.74,-57618.6],
[0,0,0,0,0,0,0,0,0,0,0,0,0,0,0,112932,112932,6.68159e-26,0,0,0,0,0,0,0,0,0,0,0,0,338797,475929,-176313,0,0,0,0,0,0,0,0,0,0,0,0,0,0,0,0,0,0,0,0,0,0,0,0,0,0,0,0,0,0,0,0,0,0,0,0,0,0,0,-56466.2,-3457.11,-114085,0,0,0,-58770.9,-112932,-115237,0,0,0,0,0,0,0,0,0,-57618.6,-55313.8,-56466.2,0,0,0,-8.90879e-26,112932,-55313.8,-116389,-58770.9,-1152.37,-115237,56466.2,0,-3.40898e-26,0,-56466.2],
[0,0,0,0,0,0,0,0,0,0,0,0,0,0,0,-57618.6,-55313.8,-6.49978e-26,0,0,0,0,0,0,0,0,0,0,0,0,-114085,-176313,184379,0,0,0,0,0,0,0,0,0,0,0,0,0,0,0,0,0,0,0,0,0,0,0,0,0,0,0,0,0,0,0,0,0,0,0,0,0,0,0,-1152.37,-56466.2,1152.37,0,0,0,-1152.37,56466.2,56466.2,0,0,0,0,0,0,0,0,0,55313.8,-1.81812e-27,57618.6,0,0,0,0,-6.26901e-12,6.26901e-12,54161.4,0,-2304.74,6.52488e-12,-1152.37,1152.37,-1152.37,-56466.2,56466.2],
[0,0,0,0,0,0,0,0,0,0,0,0,0,-4609.48,0,0,0,0,0,0,0,4609.48,-9218.97,0,0,0,0,0,0,0,0,0,0,9218.97,0,0,0,0,0,0,0,0,0,0,0,0,-4609.48,4609.48,0,0,0,0,0,0,0,0,0,0,0,0,0,0,0,0,0,0,0,0,0,0,0,0,0,0,0,0,0,0,0,0,0,0,0,0,0,0,0,0,0,0,0,0,0,0,0,0,0,0,0,0,0,0,0,0,0,0,0,0],
[0,0,0,-235084,0,0,0,0,0,0,0,0,-230474,4609.48,225865,0,0,0,0,0,0,451729,0,-451729,0,0,0,0,0,0,0,0,0,0,474777,-235084,0,0,0,0,0,0,0,0,0,-4609.48,-225865,225865,0,0,0,0,0,0,0,0,0,0,0,0,0,0,0,0,0,0,0,0,0,0,0,0,0,0,0,0,0,0,0,0,0,0,0,0,0,0,0,0,0,0,0,0,0,0,0,0,0,0,0,0,0,0,0,0,0,0,0,0],
[0,0,0,-4609.48,-4609.48,4609.48,0,0,0,0,0,0,225865,-1.36359e-25,-225865,0,0,0,0,0,0,-230474,-4609.48,225865,0,0,0,0,0,0,0,0,0,0,-235084,248912,0,0,0,0,0,0,0,0,0,-4609.48,-4609.48,9218.97,0,0,0,0,0,0,0,0,0,0,0,0,0,0,0,0,0,0,0,0,0,0,0,0,0,0,0,0,0,0,0,0,0,0,0,0,0,0,0,0,0,0,0,0,0,0,0,0,0,0,0,0,0,0,0,0,0,0,0,0],
[0,0,0,0,0,0,0,0,0,-56466.2,-56466.2,8.90879e-26,0,0,0,0,0,0,-112932,58770.9,-1152.37,0,0,0,1152.37,56466.2,-1152.37,-57618.6,-3457.11,-115237,0,0,0,0,0,0,419463,336492,-112932,-1152.37,-2304.74,-57618.6,-58770.9,0,-56466.2,0,0,0,-58770.9,-57618.6,56466.2,-58770.9,-2.55878e-13,-59923.3,0,0,0,0,0,0,0,0,0,0,0,0,0,0,0,0,0,0,0,0,0,0,0,0,0,0,0,0,0,0,0,0,0,0,0,0,0,0,0,0,0,0,0,0,0,0,0,0,0,0,0,0,0,0],
[0,0,0,0,0,0,0,0,0,-57618.6,-61075.7,9.09061e-26,0,0,0,0,0,0,-115237,55313.8,0,0,0,0,0,112932,-55313.8,-56466.2,-3457.11,-114085,0,0,0,0,0,0,336492,359540,-117542,0,0,-56466.2,-58770.9,0,-56466.2,0,0,0,-2.55878e-13,1152.37,0,-57618.6,1152.37,-56466.2,0,0,0,0,0,0,0,0,0,0,0,0,0,0,0,0,0,0,0,0,0,0,0,0,0,0,0,0,0,0,0,0,0,0,0,0,0,0,0,0,0,0,0,0,0,0,0,0,0,0,0,0,0,0],
[0,0,0,0,0,0,0,0,0,-2304.74,-2.55878e-13,54161.4,0,0,0,0,0,0,-6.95431e-26,-58770.9,1152.37,0,0,0,0,6.68159e-26,1152.37,-1152.37,-56466.2,1152.37,0,0,0,0,0,0,-112932,-117542,183227,-1152.37,-56466.2,56466.2,1.30498e-11,0,56466.2,0,0,0,-59923.3,-56466.2,56466.2,56466.2,0,56466.2,0,0,0,0,0,0,0,0,0,0,0,0,0,0,0,0,0,0,0,0,0,0,0,0,0,0,0,0,0,0,0,0,0,0,0,0,0,0,0,0,0,0,0,0,0,0,0,0,0,0,0,0,0,0],
[0,0,0,0,0,0,0,0,0,0,0,0,0,0,0,0,0,0,0,0,0,0,0,0,-115237,-115237,110628,-4609.48,6914.23,-2304.74,0,0,0,0,0,0,-2304.74,0,-2304.74,131370,-4609.48,-4609.48,0,0,0,0,0,0,0,0,0,0,0,0,0,0,0,0,0,0,0,0,0,-1.36359e-27,4609.48,-2304.74,0,0,0,0,0,0,0,0,0,0,0,0,0,0,0,0,0,0,0,0,0,0,0,0,0,0,0,0,-112932,112932,0,0,0,0,0,0,0,0,0,0,0,0],
[0,0,0,0,0,0,0,0,0,0,0,0,0,0,0,0,0,0,0,0,0,0,0,0,0,-110628,0,2304.74,110628,112932,0,0,0,0,0,0,-4609.48,0,-112932,-4609.48,239693,-117542,0,0,0,0,0,0,0,0,0,-112932,0,-6.81795e-26,0,0,0,0,0,0,0,0,0,1.36359e-27,-2304.74,0,0,0,0,0,0,0,0,0,0,0,0,0,0,0,0,0,0,0,0,0,0,0,0,0,0,0,0,0,0,0,0,0,0,0,0,0,0,0,0,0,0,0],
[0,0,0,0,0,0,0,0,0,0,0,0,0,0,0,0,0,0,0,0,0,0,0,0,-122151,-112932,115237,2.55878e-11,-2.60995e-11,110628,0,0,0,0,0,0,-115237,-112932,112932,-4609.48,-117542,244303,0,0,0,0,0,0,0,0,0,112932,0,2304.74,0,0,0,0,0,0,0,0,0,0,-115237,0,0,0,0,0,0,0,0,0,0,0,0,0,0,0,0,0,0,0,0,0,0,0,0,0,0,0,0,0,-6.81795e-26,2304.74,0,0,0,0,0,0,0,0,0,0,0,0],
[0,0,0,0,0,0,0,-115237,0,2304.74,112932,-1.81812e-25,0,0,0,0,0,0,0,0,0,0,0,0,0,0,0,112932,-5.01501e-11,3.63624e-27,0,0,0,0,0,0,-117542,-117542,2.60995e-11,0,0,0,248912,-4609.48,-117542,0,0,0,0,0,0,-2304.74,2304.74,2.55878e-11,-2304.74,0,-2304.74,0,0,0,0,0,0,0,0,0,0,0,0,0,0,0,0,0,0,0,0,0,0,0,0,0,0,0,0,0,0,0,0,0,0,0,0,0,0,0,0,0,0,0,0,0,0,0,0,0,0,0],
[0,0,0,0,0,0,0,112932,112932,-115237,4609.48,2304.74,0,0,0,0,0,0,0,0,0,0,0,0,0,0,0,0,0,-4609.48,0,0,0,0,0,0,0,0,0,0,0,0,-4609.48,126761,-122151,0,0,0,0,0,0,2304.74,-2304.74,-5.11756e-13,0,-112932,0,0,0,0,0,0,0,0,0,0,0,0,0,0,0,0,0,0,0,0,0,0,0,0,0,0,0,0,0,0,0,0,0,0,0,0,0,0,0,0,0,0,0,0,0,0,0,0,0,0,0,0],
[0,0,0,0,0,0,0,0,-112932,225865,-117542,-2304.74,0,0,0,0,0,0,0,0,0,0,0,0,0,0,0,-2304.74,-230474,4609.48,0,0,0,0,0,0,-112932,-112932,112932,0,0,0,-117542,-122151,361845,0,0,0,0,0,0,0,0,112932,0,112932,0,0,0,0,0,0,0,0,0,0,0,0,0,0,0,0,0,0,0,0,0,0,0,0,0,0,0,0,0,0,0,0,0,0,0,0,0,0,0,0,0,0,0,0,0,0,0,0,0,0,0,0],
[768.247,-768.247,75288.2,768.247,-38412.4,37644.1,768.247,36875.9,-77593,-75288.2,37644.1,37644.1,0,-39948.9,-1536.49,0,0,0,-768.247,-1536.49,-39180.6,-37644.1,-6.0604e-26,5.9392e-26,0,0,0,0,0,0,0,0,0,0,-768.247,-768.247,0,0,0,0,0,0,0,0,0,164405,-76056.5,-1536.49,0,0,0,0,0,0,0,0,0,0,0,0,0,0,0,0,0,0,0,0,0,0,0,0,0,0,0,0,0,0,0,0,0,-1.27929e-13,0,0,-8.52926e-14,-768.247,768.247,0,0,0,0,0,0,0,0,0,0,0,0,0,0,0,0,0,0,0,0,0],
[-2304.74,1536.49,-37644.1,36875.9,768.247,-2.27265e-26,-38412.4,768.247,75288.2,-768.247,768.247,0,0,-39180.6,-768.247,0,0,0,74520,-76824.7,-8.18745e-12,-8.18745e-12,-35339.4,36875.9,0,0,0,0,0,0,0,0,0,-768.247,-37644.1,-768.247,0,0,0,0,0,0,0,0,0,-76056.5,321896,-83739,0,0,0,0,0,0,0,0,0,0,0,0,0,0,0,0,0,0,0,0,0,0,0,0,0,0,0,0,0,0,0,0,0,-39948.9,-39180.6,-39180.6,-768.247,-37644.1,37644.1,0,0,0,0,0,0,0,0,0,0,0,0,0,0,0,0,0,0,0,0,0],
[37644.1,-1.21208e-27,-37644.1,-77593,75288.2,-75288.2,37644.1,0,-75288.2,-38412.4,74520,-37644.1,0,-39180.6,1536.49,0,0,0,-40717.1,-768.247,39180.6,35339.4,-39948.9,-38412.4,0,0,0,0,0,0,0,0,0,768.247,37644.1,1536.49,0,0,0,0,0,0,0,0,0,-1536.49,-83739,245839,0,0,0,0,0,0,0,0,0,0,0,0,0,0,0,0,0,0,0,0,0,0,0,0,0,0,0,0,0,0,0,0,0,-1536.49,-768.247,1536.49,-768.247,-768.247,1536.49,0,0,0,0,0,0,0,0,0,0,0,0,0,0,0,0,0,0,0,0,0],
[-150576,75288.2,0,0,0,0,0,0,0,-78361.2,0,-75288.2,0,0,0,1536.49,150576,-76824.7,-76824.7,-4609.48,-153649,-73751.8,-76824.7,0,-1536.49,-3072.99,-76824.7,0,0,0,0,0,0,0,0,0,-78361.2,-3.4117e-13,-79897.7,0,0,0,0,0,0,0,0,0,476313,451729,-149040,0,0,0,0,0,0,0,0,0,0,0,0,0,0,0,0,0,0,0,0,0,0,0,0,0,0,0,0,0,0,0,0,0,0,0,0,0,0,0,0,0,0,0,0,0,0,0,0,0,0,0,0,0,0,0,0,0],
[-153649,75288.2,0,0,0,0,0,0,0,-78361.2,0,-75288.2,0,0,0,-1.18784e-25,150576,-73751.8,-75288.2,-4609.48,-152113,-78361.2,-79897.7,0,-4.5453e-26,0,-75288.2,0,0,0,0,0,0,0,0,0,-76824.7,1536.49,-75288.2,0,0,0,0,0,0,0,0,0,451729,476313,-156722,0,0,0,0,0,0,0,0,0,0,0,0,0,0,0,0,0,0,0,0,0,0,0,0,0,0,0,0,0,0,0,0,0,0,0,0,0,0,0,0,0,0,0,0,0,0,0,0,0,0,0,0,0,0,0,0,0],
[-9.27242e-26,-1536.49,1536.49,0,0,0,0,0,0,1.73997e-11,0,75288.2,0,0,0,0,8.90879e-26,-8.66638e-26,-1536.49,-75288.2,1536.49,-3072.99,0,-3072.99,-1536.49,-75288.2,75288.2,0,0,0,0,0,0,0,0,0,75288.2,0,75288.2,0,0,0,0,0,0,0,0,0,-149040,-156722,162868,0,0,0,0,0,0,0,0,0,0,0,0,0,0,0,0,0,0,0,0,0,0,0,0,0,0,0,0,0,0,0,0,0,0,0,0,0,0,0,0,0,0,0,0,0,0,0,0,0,0,0,0,0,0,0,0,0],
[0,0,0,0,0,0,0,0,0,0,0,0,0,0,0,0,0,0,0,0,0,0,0,0,0,0,0,5.0152e-11,9218.97,-4609.48,0,0,0,0,0,0,-235084,-230474,225865,0,-225865,225865,-4609.48,4609.48,0,0,0,0,0,0,0,248912,-9218.97,-4609.48,0,0,0,0,0,0,0,0,0,0,0,0,0,0,0,0,0,0,0,0,0,0,0,0,0,0,0,0,0,0,0,0,0,0,0,0,0,0,0,0,0,0,0,0,0,0,0,0,0,0,0,0,0,0],
[0,0,0,0,0,0,0,0,0,0,0,0,0,0,0,0,0,0,0,0,0,0,0,0,0,0,0,2.72718e-27,-4609.48,0,0,0,0,0,0,0,-1.02351e-12,4609.48,0,0,0,0,4609.48,-4609.48,0,0,0,0,0,0,0,-9218.97,9218.97,2.04702e-12,0,0,0,0,0,0,0,0,0,0,0,0,0,0,0,0,0,0,0,0,0,0,0,0,0,0,0,0,0,0,0,0,0,0,0,0,0,0,0,0,0,0,0,0,0,0,0,0,0,0,0,0,0,0],
[0,0,0,0,0,0,0,0,0,0,0,0,0,0,0,0,0,0,0,0,0,0,0,0,0,0,0,3.02778e-41,-230474,0,0,0,0,0,0,0,-239693,-225865,225865,0,-1.36359e-25,4609.48,5.11756e-11,-1.02351e-12,225865,0,0,0,0,0,0,-4609.48,2.04702e-12,244303,0,0,0,0,0,0,0,0,0,0,0,0,0,0,0,0,0,0,0,0,0,0,0,0,0,0,0,0,0,0,0,0,0,0,0,0,0,0,0,0,0,0,0,0,0,0,0,0,0,0,0,0,0,0],
[0,0,0,0,0,0,0,2.72718e-27,0,-225865,0,225865,-1.39086e-25,-230474,225865,0,0,0,0,0,0,0,0,0,0,0,0,0,0,0,0,0,0,0,0,0,0,0,0,0,0,0,-4609.48,0,0,0,0,0,0,0,0,0,0,0,244303,-4609.48,-230474,0,0,0,0,0,0,0,0,0,0,0,0,0,0,0,0,0,0,0,0,0,0,0,0,0,0,0,0,0,0,0,0,0,0,0,0,0,0,0,0,0,0,0,0,0,0,0,0,0,0,0],
[0,0,0,0,0,0,-4609.48,-235084,-235084,225865,4609.48,4609.48,-4609.48,4609.48,0,0,0,0,0,0,0,0,0,0,0,0,0,0,0,0,0,0,0,0,0,0,0,0,0,0,0,0,0,-225865,225865,0,0,0,0,0,0,0,0,0,-4609.48,248912,-4609.48,0,0,0,0,0,0,0,0,0,0,0,0,0,0,0,0,0,0,0,0,0,0,0,0,0,0,0,0,0,0,0,0,0,0,0,0,0,0,0,0,0,0,0,0,0,0,0,0,0,0,0],
[0,0,0,0,0,0,-4609.48,0,4609.48,225865,0,-230474,1.39086e-25,225865,-225865,0,0,0,0,0,0,0,0,0,0,0,0,0,0,0,0,0,0,0,0,0,0,0,0,0,0,0,-4609.48,0,0,0,0,0,0,0,0,0,0,0,-230474,-4609.48,244303,0,0,0,0,0,0,0,0,0,0,0,0,0,0,0,0,0,0,0,0,0,0,0,0,0,0,0,0,0,0,0,0,0,0,0,0,0,0,0,0,0,0,0,0,0,0,0,0,0,0,0],
[0,0,0,0,0,0,0,0,0,0,0,0,0,0,0,0,0,0,0,0,0,0,0,0,0,0,0,0,0,0,0,0,0,0,0,0,0,0,0,0,0,0,0,0,0,0,0,0,0,0,0,0,0,0,0,0,0,474777,-225865,225865,4609.48,225865,-465558,0,0,0,0,0,0,0,0,0,0,0,0,-5.11756e-13,-235084,-4609.48,0,0,0,0,0,0,0,0,0,0,0,0,0,0,0,0,0,0,0,0,0,-451729,225865,225865,0,0,0,0,0,0],
[0,0,0,0,0,0,0,0,0,0,0,0,0,0,0,0,0,0,0,0,0,0,0,0,0,0,0,0,0,0,0,0,0,0,0,0,0,0,0,0,0,0,0,0,0,0,0,0,0,0,0,0,0,0,0,0,0,-225865,239693,-239693,0,2.5076e-11,225865,0,0,0,0,0,0,0,0,0,0,0,0,0,-2.60995e-11,-4609.48,0,0,0,0,0,0,0,0,0,0,0,0,0,0,0,0,0,0,0,0,0,225865,-221255,2.55878e-11,0,0,0,0,0,0],
[0,0,0,0,0,0,0,0,0,0,0,0,0,0,0,0,0,0,0,0,0,0,0,0,0,0,0,0,0,0,0,0,0,0,0,0,0,0,0,0,0,0,0,0,0,0,0,0,0,0,0,0,0,0,0,0,0,225865,-239693,244303,0,0,-225865,0,0,0,0,0,0,0,0,0,0,0,0,0,0,4609.48,0,0,0,0,0,0,0,0,0,0,0,0,0,0,0,0,0,0,0,0,0,-230474,221255,-5.11756e-13,-4609.48,0,4609.48,0,0,0],
[0,0,0,0,0,0,0,0,0,0,0,0,0,0,0,0,0,0,0,0,0,0,0,0,0,0,0,0,0,0,0,0,0,0,0,0,0,0,0,0,0,0,0,0,0,0,0,0,0,0,0,0,0,0,0,0,0,1152.37,0,0,183227,-112932,55313.8,0,0,0,0,0,0,0,0,0,-1152.37,-1.81812e-27,-58770.9,-1.27939e-13,-1152.37,-1152.37,-112932,56466.2,56466.2,-3.19832e-13,-59923.3,-2304.74,0,0,0,1152.37,56466.2,-116389,0,0,0,0,0,0,0,0,0,-56466.2,-9.09061e-26,8.90879e-26,57618.6,-1152.37,56466.2,0,0,0],
[0,0,0,0,0,0,0,0,0,0,0,0,0,0,0,0,0,0,0,0,0,0,0,0,0,0,0,0,0,0,0,0,0,0,0,0,0,0,0,0,0,0,0,0,0,0,0,0,0,0,0,0,0,0,0,0,0,56466.2,6.26901e-12,0,-112932,301921,-65685.2,0,0,0,0,0,0,0,0,0,-1152.37,-58770.9,56466.2,-1152.37,-56466.2,-1152.37,-1152.37,1152.37,-5.88423e-12,0,-58770.9,-1152.37,0,0,0,0,6.26901e-12,56466.2,0,0,0,0,0,0,0,0,0,-1.22812e-11,-53009.1,55313.8,-59923.3,1152.37,-57618.6,0,0,0],
[0,0,0,0,0,0,0,0,0,0,0,0,0,0,0,0,0,0,0,0,0,0,0,0,0,0,0,0,0,0,0,0,0,0,0,0,0,0,0,0,0,0,0,0,0,0,0,0,0,0,0,0,0,0,0,0,0,-116389,56466.2,-56466.2,55313.8,-65685.2,245455,0,0,0,0,0,0,0,0,0,-2304.74,0,2304.74,1152.37,56466.2,2304.74,-57618.6,111780,-56466.2,0,-58770.9,2304.74,0,0,0,0,0,-56466.2,0,0,0,0,0,0,0,0,0,53009.1,-59923.3,-57618.6,1.81812e-27,-1.81812e-27,1152.37,0,0,0],
[0,0,0,0,0,0,0,0,0,0,0,0,0,0,0,0,0,0,36875.9,0,1536.49,0,0,0,-38412.4,-37644.1,-768.247,37644.1,0,-768.247,0,0,0,0,0,0,0,0,0,-4.5453e-28,4.5453e-28,0,0,0,0,0,0,0,0,0,0,0,0,0,0,0,0,0,0,0,0,0,0,129066,-42253.6,-39948.9,0,0,0,37644.1,0,1.21208e-27,0,0,0,0,0,0,1536.49,37644.1,-6.0604e-26,0,0,0,-1536.49,-768.247,-1536.49,2.55858e-13,-38412.4,0,-39180.6,-39180.6,-768.247,-1536.49,768.247,-4.26463e-12,0,0,0,0,0,0,0,0,0,0,0,0],
[0,0,0,0,0,0,0,0,0,0,0,0,0,0,0,0,0,0,-76056.5,38412.4,-1536.49,0,0,0,-2304.74,-2304.74,-37644.1,-8.18745e-12,0,-76824.7,0,0,0,0,0,0,0,0,0,1536.49,-768.247,-38412.4,0,0,0,0,0,0,0,0,0,0,0,0,0,0,0,0,0,0,0,0,0,-42253.6,243534,-5377.73,0,0,0,0,0,-1536.49,0,0,0,0,0,0,-768.247,2304.74,0,0,0,0,0,-76824.7,0,0,37644.1,37644.1,0,-75288.2,37644.1,2304.74,36875.9,2.55878e-13,0,0,0,0,0,0,0,0,0,0,0,0],
[0,0,0,0,0,0,0,0,0,0,0,0,0,0,0,0,0,0,37644.1,36875.9,-1536.49,0,0,0,-76824.7,-76056.5,768.247,1.21208e-27,-1536.49,1536.49,0,0,0,0,0,0,0,0,0,-768.247,0,0,0,0,0,0,0,0,0,0,0,0,0,0,0,0,0,0,0,0,0,0,0,-39948.9,-5377.73,246607,0,0,0,-768.247,-76824.7,1536.49,0,0,0,0,0,0,74520,-77593,-37644.1,0,0,0,-39180.6,75288.2,768.247,0,-8.18745e-12,-37644.1,-38412.4,-76824.7,37644.1,-768.247,37644.1,36875.9,0,0,0,0,0,0,0,0,0,0,0,0],
[0,0,0,0,0,0,0,0,0,0,0,0,0,0,0,0,0,0,0,0,0,0,0,0,0,0,0,0,0,0,0,0,0,0,0,0,0,0,0,0,0,0,0,0,0,0,0,0,0,0,0,0,0,0,0,0,0,0,0,0,0,0,0,0,0,0,13828.5,-5.11756e-13,-4609.48,-4609.48,9218.97,-4609.48,0,0,0,0,0,0,0,0,0,0,0,0,0,0,0,0,0,0,-4609.48,0,-4609.48,0,0,0,0,0,0,0,0,0,0,0,0,4609.48,0,-4609.48],
[0,0,0,0,0,0,0,0,0,0,0,0,0,0,0,0,0,0,0,0,0,0,0,0,0,0,0,0,0,0,0,0,0,0,0,0,0,0,0,0,0,0,0,0,0,0,0,0,0,0,0,0,0,0,0,0,0,0,0,0,0,0,0,0,0,0,-5.11756e-13,470167,-235084,5.11756e-13,225865,225865,0,0,0,0,0,0,0,0,0,0,0,0,0,0,0,0,0,0,-9218.97,0,-225865,-225865,0,-1.36359e-25,0,0,0,0,0,0,0,0,0,0,-225865,0],
[0,0,0,0,0,0,0,0,0,0,0,0,0,0,0,0,0,0,0,0,0,0,0,0,0,0,0,0,0,0,0,0,0,0,0,0,0,0,0,0,0,0,0,0,0,0,0,0,0,0,0,0,0,0,0,0,0,0,0,0,0,0,0,0,0,0,-4609.48,-235084,244303,-2.55878e-11,2.60995e-11,-4609.48,0,0,0,0,0,0,0,0,0,0,0,0,0,0,0,0,0,0,-230474,-225865,225865,225865,0,4609.48,0,0,0,0,0,0,0,0,0,-4609.48,0,4609.48],
[0,0,0,0,0,0,0,0,0,0,0,0,0,0,0,0,0,0,0,0,0,0,0,0,0,0,0,0,0,0,0,0,0,0,0,0,0,0,0,0,0,0,0,0,0,0,0,0,0,0,0,0,0,0,0,0,0,0,0,0,0,0,0,56466.2,0,-1152.37,-1152.37,1.27939e-13,-6.39694e-12,69142.3,-61075.7,-1152.37,1152.37,0,0,0,0,0,55313.8,-3.83787e-13,2304.74,0,0,0,0,0,0,-1152.37,-1152.37,-1152.37,-57618.6,-56466.2,-1152.37,-6.26901e-12,6.81795e-28,-3.78472e-42,0,0,0,0,0,0,0,0,0,0,6.39694e-12,-1152.37],
[0,0,0,0,0,0,0,0,0,0,0,0,0,0,0,0,0,0,0,0,0,0,0,0,0,0,0,0,0,0,0,0,0,0,0,0,0,0,0,0,0,0,0,0,0,0,0,0,0,0,0,0,0,0,0,0,0,0,0,0,0,0,0,0,0,-115237,2304.74,56466.2,6.52488e-12,-61075.7,301921,53009.1,56466.2,1152.37,-1152.37,0,0,0,-114085,57618.6,-2304.74,0,0,0,0,0,0,0,-58770.9,0,-3457.11,-3457.11,-56466.2,2304.74,-1152.37,-57618.6,0,0,0,0,0,0,0,0,0,0,-112932,56466.2],
[0,0,0,0,0,0,0,0,0,0,0,0,0,0,0,0,0,0,0,0,0,0,0,0,0,0,0,0,0,0,0,0,0,0,0,0,0,0,0,0,0,0,0,0,0,0,0,0,0,0,0,0,0,0,0,0,0,0,0,0,0,0,0,1.81812e-27,-2304.74,2304.74,-1152.37,56466.2,-1152.37,-1152.37,53009.1,188989,-1152.37,-57618.6,-55313.8,0,0,0,56466.2,55313.8,-2304.74,0,0,0,0,0,0,-58770.9,56466.2,1152.37,-115237,-114085,1152.37,-1152.37,0,0,0,0,0,0,0,0,0,0,0,-1152.37,-58770.9,3.83787e-13],
[0,0,0,0,0,0,0,0,0,0,0,0,0,0,0,0,0,0,0,0,0,0,0,0,0,0,0,0,0,0,-38412.4,-37644.1,-768.247,0,0,0,0,0,0,0,0,0,0,0,0,0,0,0,0,0,0,0,0,0,0,0,0,0,0,0,-768.247,-768.247,-1536.49,0,0,0,0,0,0,768.247,37644.1,-768.247,166710,-82202.5,36875.9,0,0,0,768.247,37644.1,-768.247,0,0,0,0,0,0,38412.4,-39948.9,0,-75288.2,-76824.7,4.34992e-12,0,0,0,-6.59383e-42,4.26463e-12,-768.247,36875.9,-2.55858e-13,1536.49,768.247,0,0,-768.247,-38412.4,37644.1],
[0,0,0,0,0,0,0,0,0,0,0,0,0,0,0,0,0,0,0,0,0,0,0,0,0,0,0,0,0,0,-2304.74,-2304.74,-37644.1,0,0,0,0,0,0,0,0,0,0,0,0,0,0,0,0,0,0,0,0,0,0,0,0,0,0,0,-1.21208e-27,-39180.6,0,0,0,0,0,0,0,0,768.247,-38412.4,-82202.5,244303,33802.9,0,0,0,0,-37644.1,-76824.7,0,0,0,0,0,0,-768.247,768.247,0,39180.6,36875.9,-39180.6,0,0,0,5.9392e-26,-75288.2,37644.1,-76056.5,38412.4,-1536.49,37644.1,768.247,-768.247,1536.49,38412.4,4.34992e-12],
[0,0,0,0,0,0,0,0,0,0,0,0,0,0,0,0,0,0,0,0,0,0,0,0,0,0,0,0,0,0,-76824.7,-76056.5,768.247,0,0,0,0,0,0,0,0,0,0,0,0,0,0,0,0,0,0,0,0,0,0,0,0,0,0,0,-39180.6,37644.1,1536.49,0,0,0,0,0,0,0,-768.247,-36875.9,36875.9,33802.9,169014,0,0,0,-40717.1,-2304.74,768.247,0,0,0,0,0,0,37644.1,-38412.4,768.247,-768.247,0,768.247,0,0,0,-768.247,-39180.6,2.55858e-13,37644.1,36875.9,-1536.49,-768.247,-38412.4,-36875.9,-768.247,36875.9,-768.247],
[-225865,112932,112932,-2.55878e-13,-117542,-2304.74,0,0,0,0,0,0,0,0,0,0,0,0,0,0,0,0,0,0,0,0,0,0,0,0,0,0,0,0,0,0,0,0,0,0,0,0,0,0,0,0,0,0,0,0,0,0,0,0,0,0,0,-2.55878e-13,0,0,-2.55878e-13,-2304.74,2304.74,0,0,0,0,0,0,0,0,0,0,0,0,241998,-112932,112932,0,0,0,2304.74,110628,-232779,0,0,0,0,0,0,0,0,0,0,0,0,0,0,0,2304.74,-4609.48,0,0,0,0,0,0,0],
[112932,-110628,1.27939e-11,0,-1.30498e-11,-2304.74,0,0,0,0,0,0,0,0,0,0,0,0,0,0,0,0,0,0,0,0,0,0,0,0,0,0,0,0,0,0,0,0,0,0,0,0,0,0,0,0,0,0,0,0,0,0,0,0,0,0,0,-117542,-1.30498e-11,0,-2304.74,-112932,112932,0,0,0,0,0,0,0,0,0,0,0,0,-112932,357235,-237388,0,0,0,-115237,2304.74,225865,0,0,0,0,0,0,0,0,0,0,0,0,0,0,0,225865,0,-225865,0,0,0,0,0,0],
[-115237,110628,-2.55878e-13,0,0,2304.74,0,0,0,0,0,0,0,0,0,0,0,0,0,0,0,0,0,0,0,0,0,0,0,0,0,0,0,0,0,0,0,0,0,0,0,0,0,0,0,0,0,0,0,0,0,0,0,0,0,0,0,-2304.74,-2304.74,2304.74,-2304.74,-2304.74,4609.48,0,0,0,0,0,0,0,0,0,0,0,0,112932,-237388,246607,0,0,0,112932,-6.81795e-26,-225865,0,0,0,0,0,0,0,0,0,0,0,0,0,0,0,-117542,-2304.74,115237,0,0,0,0,0,0],
[18437.9,0,768.247,0,0,0,0,0,0,0,0,0,0,0,0,-19206.2,-18822.1,-384.124,384.124,18822.1,-384.124,0,0,0,-37644.1,-38412.4,-2.3181e-26,0,0,0,-19590.3,-19590.3,-384.124,0,0,0,0,0,0,0,0,0,0,0,0,0,0,0,0,0,0,0,0,0,0,0,0,0,0,0,-37644.1,-384.124,-19206.2,768.247,-384.124,37260,0,0,0,18437.9,-38028.2,18822.1,384.124,0,-20358.6,0,0,0,264661,-82202.5,-39564.7,-384.124,37260,-20358.6,384.124,-1152.37,18822.1,-18822.1,-4.09373e-12,17669.7,-19206.2,-38412.4,18053.8,0,0,0,0,0,0,768.247,18822.1,0,0,0,0,0,0,0],
[-38028.2,19206.2,-768.247,0,0,0,0,0,0,0,0,0,0,0,0,-1152.37,-1152.37,-18822.1,-4.09373e-12,-18822.1,-38412.4,0,0,0,19590.3,18437.9,-19590.3,0,0,0,2.9696e-26,-37644.1,18822.1,0,0,0,0,0,0,0,0,0,0,0,0,0,0,0,0,0,0,0,0,0,0,0,0,0,0,0,18822.1,384.124,37260,18822.1,1152.37,-38796.5,0,0,0,-1.27929e-13,19206.2,18437.9,18822.1,-18822.1,-1152.37,0,0,0,-82202.5,205890,-4225.36,-768.247,-38412.4,-384.124,-384.124,768.247,0,0,-17669.7,-19974.4,-18053.8,-1152.37,1.27939e-13,0,0,0,0,0,0,-384.124,1152.37,0,0,0,0,0,0,0],
[18822.1,18437.9,-768.247,0,0,0,0,0,0,0,0,0,0,0,0,-38412.4,-38028.2,384.124,-20358.6,-1152.37,384.124,0,0,0,-384.124,0,384.124,0,0,0,-19206.2,-38412.4,18822.1,0,0,0,0,0,0,0,0,0,0,0,0,0,0,0,0,0,0,0,0,0,0,0,0,0,0,0,18822.1,-1.96141e-12,-18822.1,-3.0302e-26,0,-18822.1,0,0,0,768.247,-768.247,-768.247,-384.124,-38412.4,384.124,0,0,0,-39564.7,-4225.36,186684,-19590.3,0,19590.3,37644.1,-18822.1,-18822.1,0,18437.9,-19206.2,-384.124,18437.9,17669.7,0,0,0,0,0,0,37260,-38796.5,-18822.1,0,0,0,0,0,0],
[-37644.1,-6.0604e-26,5.9392e-26,-8.52926e-14,-768.247,-768.247,0,0,0,0,0,0,0,0,0,0,0,0,-75288.2,37644.1,37644.1,0,0,0,0,0,0,0,0,0,0,0,0,0,0,0,0,0,0,0,0,0,0,0,0,-1.27929e-13,-39948.9,-1536.49,0,0,0,0,0,0,0,0,0,0,0,0,-2.13222e-13,0,0,0,0,0,0,0,0,0,0,0,0,0,0,768.247,-38412.4,37644.1,-768.247,-1536.49,-39180.6,164405,-76056.5,-1536.49,768.247,36875.9,-77593,-8.52926e-14,-768.247,768.247,0,0,0,0,0,0,0,0,0,768.247,-768.247,75288.2,0,0,0,0,0,0],
[0,-35339.4,36875.9,-768.247,-37644.1,-768.247,0,0,0,0,0,0,0,0,0,0,0,0,-768.247,768.247,8.18745e-12,0,0,0,0,0,0,0,0,0,0,0,0,0,0,0,0,0,0,0,0,0,0,0,0,0,-39180.6,-768.247,0,0,0,0,0,0,0,0,0,0,0,0,-39948.9,-39180.6,-39180.6,0,0,0,0,0,0,0,0,0,0,0,0,36875.9,768.247,-2.27265e-26,74520,-76824.7,0,-76056.5,321896,-83739,-38412.4,768.247,75288.2,-768.247,-37644.1,37644.1,0,0,0,0,0,0,0,0,0,-2304.74,1536.49,-37644.1,0,0,0,0,0,0],
[35339.4,-39948.9,-38412.4,768.247,37644.1,1536.49,0,0,0,0,0,0,0,0,0,0,0,0,-38412.4,74520,-37644.1,0,0,0,0,0,0,0,0,0,0,0,0,0,0,0,0,0,0,0,0,0,0,0,0,0,-39180.6,1536.49,0,0,0,0,0,0,0,0,0,0,0,0,-1536.49,-768.247,1536.49,0,0,0,0,0,0,0,0,0,0,0,0,-77593,75288.2,-75288.2,-40717.1,-768.247,39180.6,-1536.49,-83739,245839,37644.1,0,-75288.2,-768.247,-768.247,1536.49,0,0,0,0,0,0,0,0,0,37644.1,-1.21208e-27,-37644.1,0,0,0,0,0,0],
[0,0,0,0,0,0,0,-1152.37,-1152.37,0,0,0,0,0,0,0,0,0,-56466.2,0,0,0,0,0,0,0,0,3.83787e-13,0,0,0,0,0,0,0,0,0,0,0,0,0,0,0,0,0,-1.27939e-13,-1152.37,-1152.37,0,0,0,0,0,0,0,0,0,0,0,0,0,0,0,-2304.74,0,-58770.9,0,0,0,0,0,0,0,0,0,0,0,0,1152.37,-1152.37,112932,1152.37,-57618.6,56466.2,125608,-57618.6,-58770.9,-1.91893e-13,6.81795e-28,0,0,0,0,0,0,0,0,0,0,0,0,0,0,0,0,0,0,0],
[0,0,0,0,0,0,6.81795e-28,-58770.9,0,0,0,0,0,0,0,0,0,0,0,-53009.1,55313.8,0,0,0,0,0,0,-57618.6,56466.2,0,0,0,0,0,0,0,0,0,0,0,0,0,0,0,0,-1152.37,-56466.2,-1152.37,0,0,0,0,0,0,0,0,0,0,0,0,0,0,0,-1152.37,-115237,112932,0,0,0,0,0,0,0,0,0,0,0,0,-3457.11,2304.74,-56466.2,55313.8,1152.37,0,-57618.6,304226,-6914.23,-1152.37,-58770.9,-58770.9,0,0,0,0,0,0,0,0,0,0,0,0,0,0,0,0,0,0],
[0,0,0,0,0,0,0,-58770.9,1152.37,0,0,0,0,0,0,0,0,0,53009.1,-59923.3,-57618.6,0,0,0,0,0,0,0,56466.2,-56466.2,0,0,0,0,0,0,0,0,0,0,0,0,0,0,0,1152.37,56466.2,2304.74,0,0,0,0,0,0,0,0,0,0,0,0,0,0,0,-2304.74,0,1152.37,0,0,0,0,0,0,0,0,0,0,0,0,56466.2,0,-56466.2,-116389,112932,-112932,-58770.9,-6914.23,245455,-1152.37,0,1152.37,0,0,0,0,0,0,0,0,0,0,0,0,0,0,0,0,0,0],
[0,0,0,0,0,0,0,0,0,0,0,0,0,0,0,0,0,0,0,0,0,0,0,0,0,0,0,0,0,0,0,0,0,0,0,0,0,0,0,0,0,0,0,0,0,0,0,0,0,0,0,0,0,0,0,0,0,0,0,0,1536.49,0,0,5.11716e-13,0,0,0,0,0,-1536.49,0,-78361.2,76824.7,-1536.49,75288.2,0,0,0,-75288.2,0,0,-1.70585e-13,-1536.49,-1536.49,-2.55858e-13,-1536.49,-1536.49,86043.7,-75288.2,-1536.49,0,0,0,0,0,0,0,0,0,0,0,0,0,0,0,0,0,0],
[0,0,0,0,0,0,0,0,0,0,0,0,0,0,0,0,0,0,0,0,0,0,0,0,0,0,0,0,0,0,0,0,0,0,0,0,0,0,0,0,0,0,0,0,0,0,0,0,0,0,0,0,0,0,0,0,0,0,0,0,75288.2,8.35867e-12,0,-76824.7,75288.2,-1.63749e-11,0,0,0,-1536.49,-78361.2,75288.2,-79897.7,1536.49,-76824.7,0,0,0,-1.63749e-11,-70678.8,73751.8,-1536.49,-75288.2,-1536.49,9.09061e-28,-78361.2,0,-75288.2,322664,-7682.47,0,0,0,0,0,0,0,0,0,0,0,0,0,0,0,0,0,0],
[0,0,0,0,0,0,0,0,0,0,0,0,0,0,0,0,0,0,0,0,0,0,0,0,0,0,0,0,0,0,0,0,0,0,0,0,0,0,0,0,0,0,0,0,0,0,0,0,0,0,0,0,0,0,0,0,0,0,0,0,-155186,75288.2,-75288.2,0,75288.2,-75288.2,0,0,0,-1536.49,0,1536.49,0,0,1536.49,0,0,0,70678.8,-79897.7,-76824.7,1536.49,75288.2,3072.99,0,-78361.2,1536.49,-1536.49,-7682.47,245839,0,0,0,0,0,0,0,0,0,0,0,0,0,0,0,0,0,0],
[0,0,0,0,0,0,0,0,0,0,0,0,0,0,0,-768.247,-2.27265e-26,-768.247,0,0,0,0,0,0,768.247,0,0,0,0,0,-38412.4,-38412.4,36875.9,0,0,0,0,0,0,0,0,0,0,0,0,0,0,0,0,0,0,0,0,0,0,0,0,0,0,0,0,0,0,-39180.6,0,-38412.4,-768.247,-1536.49,-38412.4,-38412.4,-2304.74,-76824.7,-75288.2,39180.6,-768.247,0,0,0,-38412.4,-36107.6,-768.247,0,0,0,0,0,0,0,0,0,283483,224328,-77593,-38412.4,8.52926e-14,-40717.1,0,0,0,0,0,0,0,0,0,768.247,37644.1,-768.247],
[0,0,0,0,0,0,0,0,0,0,0,0,0,0,0,-1536.49,0,-37644.1,0,0,0,0,0,0,37644.1,75288.2,4.4544e-26,0,0,0,8.52926e-14,-36875.9,-1.21208e-27,0,0,0,0,0,0,0,0,0,0,0,0,0,0,0,0,0,0,0,0,0,0,0,0,0,0,0,0,0,0,-39180.6,-75288.2,-76824.7,0,0,-37644.1,-37644.1,-2304.74,-76056.5,-76824.7,36875.9,0,0,0,0,-76824.7,-2304.74,36875.9,0,0,0,0,0,0,0,0,0,224328,397184,-156722,-38412.4,-36875.9,-37644.1,0,0,0,0,0,0,0,0,0,0,75288.2,-36875.9],
[0,0,0,0,0,0,0,0,0,0,0,0,0,0,0,-38412.4,-37644.1,37644.1,0,0,0,0,0,0,-768.247,-36875.9,768.247,0,0,0,-40717.1,-37644.1,38412.4,0,0,0,0,0,0,0,0,0,0,0,0,0,0,0,0,0,0,0,0,0,0,0,0,0,0,0,0,0,0,-768.247,37644.1,37644.1,-768.247,-37644.1,37644.1,-768.247,-37644.1,768.247,4.34992e-12,-39180.6,768.247,0,0,0,36107.6,2.55878e-13,35339.4,0,0,0,0,0,0,0,0,0,-77593,-156722,204354,36875.9,0,38412.4,0,0,0,0,0,0,0,0,0,0,-4.17934e-12,768.247],
[0,0,0,0,0,0,0,0,0,0,0,0,0,0,0,0,0,0,0,0,0,0,0,0,-2304.74,0,-2304.74,0,0,0,0,0,0,0,0,0,0,0,0,0,0,0,0,0,0,0,0,0,0,0,0,0,0,0,0,0,0,0,0,0,0,0,0,-4609.48,6914.23,-2304.74,0,-112932,112932,-1.2538e-11,4609.48,-2304.74,0,0,0,0,0,0,0,0,0,0,0,0,0,0,0,0,0,0,-115237,-115237,110628,131370,-4609.48,-4609.48,0,0,0,0,0,0,0,0,0,0,0,0],
[0,0,0,0,0,0,0,0,0,0,0,0,0,0,0,0,0,0,0,0,0,0,0,0,-4609.48,0,-112932,0,0,0,0,0,0,0,0,0,0,0,0,-112932,0,-6.81795e-26,0,0,0,0,0,0,0,0,0,0,0,0,0,0,0,0,0,0,0,0,0,2304.74,110628,112932,0,0,0,1.36359e-27,-2304.74,0,0,0,0,0,0,0,0,0,0,0,0,0,0,0,0,0,0,0,2.55878e-13,-110628,0,-4609.48,239693,-117542,0,0,0,0,0,0,0,0,0,0,0,0],
[0,0,0,0,0,0,0,0,0,0,0,0,0,0,0,0,0,0,0,0,0,0,0,0,-115237,-112932,112932,0,0,0,0,0,0,0,0,0,0,0,0,112932,0,2304.74,0,0,0,0,0,0,0,0,0,0,0,0,0,0,0,0,0,0,0,0,0,-1.27939e-11,7.67633e-13,110628,0,-6.81795e-26,2304.74,-7.56945e-42,-115237,0,0,0,0,0,0,0,0,0,0,0,0,0,0,0,0,0,0,0,-122151,-112932,115237,-4609.48,-117542,244303,0,0,0,0,0,0,0,0,0,0,0,0],
[0,0,0,0,0,0,0,0,0,0,0,0,0,0,0,0,0,0,0,0,0,0,0,0,0,0,0,0,0,0,4609.48,-3.56352e-25,0,0,0,0,0,0,0,0,0,0,0,0,0,0,0,0,0,0,0,0,0,0,0,0,0,0,0,0,0,0,0,0,0,0,0,0,0,0,0,0,-3.9563e-41,3.56352e-25,-4609.48,0,0,0,0,0,0,0,0,0,0,0,0,0,0,0,0,0,0,0,0,0,9218.97,5.11756e-13,-9218.97,0,0,0,-5.11756e-13,5.11756e-13,-5.11756e-13,4609.48,3.63624e-25,-4609.48],
[0,0,0,0,0,0,0,0,0,0,0,0,0,0,0,0,0,0,0,0,0,0,0,0,0,0,0,0,0,0,451729,451729,-2.5076e-11,0,0,0,0,0,0,0,0,0,0,0,0,0,0,0,0,0,0,0,0,0,0,0,0,0,0,0,0,0,0,0,0,0,0,0,0,0,0,0,2.55878e-11,-451729,-235084,0,0,0,0,0,0,0,0,0,0,0,0,0,0,0,0,0,0,0,0,0,5.11756e-13,474777,-235084,0,0,0,-230474,4609.48,-4609.48,-1.33632e-25,-225865,0],
[0,0,0,0,0,0,0,0,0,0,0,0,0,0,0,0,0,0,0,0,0,0,0,0,0,0,0,0,0,0,-230474,-221255,2.5076e-11,0,0,0,0,0,0,0,0,0,0,0,0,0,0,0,0,0,0,0,0,0,0,0,0,0,0,0,0,0,0,0,0,0,0,0,0,0,0,0,-4609.48,225865,1.53515e-12,0,0,0,0,0,0,0,0,0,0,0,0,0,0,0,0,0,0,0,0,0,-9218.97,-235084,248912,0,0,0,225865,0,0,-4609.48,-7.27248e-27,4609.48],
[-36875.9,37644.1,5.9392e-26,0,0,0,0,0,0,0,0,0,0,0,0,-75288.2,-76824.7,-4.63621e-26,0,0,0,0,0,0,0,0,0,0,0,0,-36875.9,-77593,36107.6,0,0,0,0,0,0,0,0,0,0,0,0,0,0,0,0,0,0,0,0,0,0,0,0,-75288.2,37644.1,-38412.4,-37644.1,-8.18745e-12,35339.4,0,0,0,0,0,0,0,0,0,36875.9,-76056.5,37644.1,768.247,75288.2,-39180.6,1536.49,-768.247,74520,768.247,-2304.74,37644.1,0,0,0,0,0,0,0,0,0,0,0,0,0,0,0,400257,-122151,-39180.6,-36875.9,0,-40717.1,0,0,0],
[0,-37644.1,0,0,0,0,0,0,0,0,0,0,0,0,0,37644.1,37644.1,-768.247,0,0,0,0,0,0,0,0,0,0,0,0,-38412.4,-39180.6,0,0,0,0,0,0,0,0,0,0,0,0,0,0,0,0,0,0,0,0,0,0,0,0,0,37644.1,-36875.9,36875.9,-6.0604e-26,-35339.4,-39948.9,0,0,0,0,0,0,0,0,0,-2.55858e-13,38412.4,36875.9,-1536.49,0,-768.247,37644.1,2304.74,-77593,-768.247,1536.49,-1.21208e-27,0,0,0,0,0,0,0,0,0,0,0,0,0,0,0,-122151,168246,-3072.99,37644.1,-37644.1,-768.247,0,0,0],
[-40717.1,-768.247,-768.247,0,0,0,0,0,0,0,0,0,0,0,0,0,0,768.247,0,0,0,0,0,0,0,0,0,0,0,0,9.09061e-28,-768.247,-1536.49,0,0,0,0,0,0,0,0,0,0,0,0,0,0,0,0,0,0,0,0,0,0,0,0,37644.1,4.26463e-12,-8.52926e-14,5.9392e-26,36875.9,-38412.4,0,0,0,0,0,0,0,0,0,1536.49,-1536.49,-1536.49,0,-75288.2,38412.4,0,0,-37644.1,75288.2,-37644.1,-37644.1,0,0,0,0,0,0,0,0,0,0,0,0,0,0,0,-39180.6,-3072.99,126761,5.9392e-26,0,-768.247,0,0,0],
[0,0,0,0,0,0,0,0,0,0,0,0,0,0,0,0,0,0,0,0,0,0,0,0,0,0,0,0,0,0,-225865,-230474,1.30498e-11,0,0,0,0,0,0,0,0,0,0,0,0,0,0,0,0,0,0,0,0,0,0,0,0,0,0,-2304.74,115237,-119847,3.63624e-27,0,0,0,0,0,0,0,0,0,2304.74,112932,-2304.74,0,0,0,0,0,0,0,0,0,0,0,0,0,0,0,0,0,0,0,0,0,-2.55878e-13,-115237,112932,-110628,112932,1.78176e-25,361845,-124456,112932,0,0,0],
[0,0,0,0,0,0,0,0,0,0,0,0,0,0,0,0,0,0,0,0,0,0,0,0,0,0,0,0,0,0,112932,112932,-2304.74,0,0,0,0,0,0,0,0,0,0,0,0,0,0,0,0,0,0,0,0,0,0,0,0,0,0,0,-2304.74,2304.74,-3.63624e-27,0,0,0,0,0,0,0,0,0,0,2304.74,-115237,0,0,0,0,0,0,0,0,0,0,0,0,0,0,0,0,0,0,0,0,0,2.55878e-13,2304.74,0,0,-112932,0,-124456,129066,-4609.48,0,0,0],
[0,0,0,0,0,0,0,0,0,0,0,0,0,0,0,0,0,0,0,0,0,0,0,0,0,0,0,0,0,0,0,0,2304.74,0,0,0,0,0,0,0,0,0,0,0,0,0,0,0,0,0,0,0,0,0,0,0,0,0,0,2304.74,112932,-115237,2304.74,0,0,0,0,0,0,0,0,0,0,-2304.74,-110628,0,0,0,0,0,0,0,0,0,0,0,0,0,0,0,0,0,0,0,0,0,-2.55878e-13,-2304.74,0,-122151,-2304.74,-2304.74,112932,-4609.48,129066,0,0,0],
[0,0,0,0,0,0,0,0,0,0,0,0,0,0,0,0,0,0,0,0,0,0,0,0,0,0,0,0,0,0,-2304.74,-6.81795e-26,-2304.74,0,0,0,0,0,0,0,0,0,0,0,0,0,0,0,0,0,0,0,0,0,0,0,0,0,0,0,0,0,0,0,0,0,2304.74,0,-2304.74,0,0,-2304.74,-2304.74,4609.48,-2304.74,0,0,0,0,0,0,0,0,0,0,0,0,0,0,0,2304.74,0,0,0,0,0,2304.74,-6.68159e-26,-2304.74,0,0,0,0,0,0,11523.7,7.03672e-26,-6914.23],
[0,0,0,0,0,0,0,0,0,0,0,0,0,0,0,0,0,0,0,0,0,0,0,0,0,0,0,0,0,0,-4609.48,0,-112932,0,0,0,0,0,0,0,0,0,0,0,0,0,0,0,0,0,0,0,0,0,0,0,0,0,0,0,0,0,0,0,0,0,0,-112932,0,1.27939e-11,-225865,-117542,-115237,115237,110628,0,0,0,0,0,0,0,0,0,0,0,0,0,0,0,112932,225865,-1.2538e-11,0,0,0,1.81812e-25,-112932,-3.63624e-27,0,0,0,0,0,0,7.03672e-26,472472,-235084],
[0,0,0,0,0,0,0,0,0,0,0,0,0,0,0,0,0,0,0,0,0,0,0,0,0,0,0,0,0,0,-115237,-112932,112932,0,0,0,0,0,0,0,0,0,0,0,0,0,0,0,0,0,0,0,0,0,0,0,0,0,0,0,0,0,0,0,0,0,-2304.74,0,2304.74,-2304.74,112932,7.67574e-13,112932,1.30498e-11,-2304.74,0,0,0,0,0,0,0,0,0,0,0,0,0,0,0,-2304.74,-110628,2304.74,0,0,0,-2304.74,0,2304.74,0,0,0,0,0,0,-6914.23,-235084,246607]])





